// solution (time limit exceeded) with objective 247.247930000002
// Quality Incumbent solution:
// MILP objective                                 2,4724793000e+02
// MILP solution norm |x| (Total, Max)            2,27200e+06  4,50000e+04
// MILP solution error (Ax=b) (Total, Max)        3,04677e-09  9,09495e-12
// MILP x bound error (Total, Max)                4,22151e-12  1,50768e-13
// MILP x integrality error (Total, Max)          7,83995e-12  1,50768e-13
// MILP slack bound error (Total, Max)            5,07450e-08  1,73895e-09
// 

y = [[1
             0 0 0 0 0 0 0 0 0 0 0 0 0 0 0 0 0 0 0 0 0 0 0 0 0 0 0 0 0 0 0
             0 0 0 0 0 0 0 0 0 0 0 0 0 0 0 0 0 0 0 0 0 0 0 0 0 0 0 0]
             [0 1 0 0 0 0 0 0 0 0 0 0 0 0 0 0 0 0 0 0 0 0 0 0 0 0 0 0 0 0 0
             0 0 0 0 0 0 0 0 0 0 0 0 0 0 0 0 0 0 0 0 0 0 0 0 0 0 0 0 0]
             [0 0 1 0 0 0 0 0 0 0 0 0 0 0 0 0 0 0 0 0 0 0 0 0 0 0 0 0 0 0 0
             0 0 0 0 0 0 0 0 0 0 0 0 0 0 0 0 0 0 0 0 0 0 0 0 0 0 0 0 0]
             [0 0 0 0 0 0 0 0 0 0 0 0 0 0 0 0 0 0 0 0 0 0 0 0 0 1 0 0 0 0 0
             0 0 0 0 0 0 0 0 0 0 0 0 0 0 0 0 0 0 0 0 0 0 0 0 0 0 0 0 0]
             [0 0 0 0 0 0 0 0 0 0 0 0 0 0 0 0 0 0 0 0 0 0 0 0 0 0 0 1 0 0 0
             0 0 0 0 0 0 0 0 0 0 0 0 0 0 0 0 0 0 0 0 0 0 0 0 0 0 0 0 0]
             [0 0 0 0 0 1 0 0 0 0 0 0 0 0 0 0 0 0 0 0 0 0 0 0 0 0 0 0 0 0 0
             0 0 0 0 0 0 0 0 0 0 0 0 0 0 0 0 0 0 0 0 0 0 0 0 0 0 0 0 0]
             [0 0 0 0 0 0 0 0 0 0 0 0 0 0 0 0 0 0 0 0 0 0 0 0 0 0 0 0 0 0 0
             0 0 1 0 0 0 0 0 0 0 0 0 0 0 0 0 0 0 0 0 0 0 0 0 0 0 0 0 0]
             [0 0 0 0 0 0 0 1 0 0 0 0 0 0 0 0 0 0 0 0 0 0 0 0 0 0 0 0 0 0 0
             0 0 0 0 0 0 0 0 0 0 0 0 0 0 0 0 0 0 0 0 0 0 0 0 0 0 0 0 0]
             [0 0 0 0 0 0 0 0 0 0 0 0 0 0 0 0 0 0 0 0 0 0 0 0 0 0 0 0 0 0 0
             0 0 0 0 0 0 0 0 0 1 0 0 0 0 0 0 0 0 0 0 0 0 0 0 0 0 0 0 0]
             [0 0 0 0 0 0 0 0 0 0 0 0 0 0 0 0 0 0 0 0 0 0 0 0 0 0 0 0 0 0 0
             0 0 0 0 0 0 0 0 0 0 0 1 0 0 0 0 0 0 0 0 0 0 0 0 0 0 0 0 0]
             [0 0 0 0 0 0 0 0 0 0 1 0 0 0 0 0 0 0 0 0 0 0 0 0 0 0 0 0 0 0 0
             0 0 0 0 0 0 0 0 0 0 0 0 0 0 0 0 0 0 0 0 0 0 0 0 0 0 0 0 0]
             [0 0 0 0 0 0 0 0 0 0 0 1 0 0 0 0 0 0 0 0 0 0 0 0 0 0 0 0 0 0 0
             0 0 0 0 0 0 0 0 0 0 0 0 0 0 0 0 0 0 0 0 0 0 0 0 0 0 0 0 0]
             [0 0 0 0 0 0 0 0 0 0 0 0 0 0 0 0 0 0 0 0 0 0 0 0 0 0 0 0 0 0 0
             0 0 0 0 0 0 0 0 0 0 0 0 0 0 0 0 0 0 0 0 1 0 0 0 0 0 0 0 0]
             [0 0 0 0 0 0 0 0 0 0 0 0 0 1 0 0 0 0 0 0 0 0 0 0 0 0 0 0 0 0 0
             0 0 0 0 0 0 0 0 0 0 0 0 0 0 0 0 0 0 0 0 0 0 0 0 0 0 0 0 0]
             [0 0 0 0 0 0 0 0 0 0 0 0 0 0 0 0 0 0 0 0 0 0 0 0 0 0 0 0 0 0 0
             0 0 0 0 0 0 0 0 0 0 0 0 0 0 0 0 0 0 0 0 0 0 0 0 0 0 1 0 0]];
x = [[[0 0 0]
                 [0 0 1]
                 [0 0 0]
                 [0 0 0]
                 [0 0 0]
                 [0 0 0]
                 [0 0 0]
                 [0 0 0]
                 [0 0 0]
                 [0 0 0]
                 [0 0 0]
                 [1 0 0]
                 [0 0 0]
                 [0 0 0]
                 [0 0 0]
                 [0 0 0]
                 [0 0 0]
                 [0 0 0]
                 [0 0 0]
                 [0 0 0]
                 [0 0 0]
                 [0 0 0]
                 [0 0 0]
                 [0 0 0]
                 [0 0 0]
                 [0 0 0]
                 [0 1 0]
                 [0 0 0]
                 [0 0 0]
                 [0 0 0]
                 [0 0 0]
                 [0 0 0]
                 [0 0 0]
                 [0 0 0]
                 [0 0 0]
                 [0 0 0]
                 [0 0 0]
                 [0 0 0]
                 [0 0 0]
                 [0 0 0]
                 [0 0 0]
                 [0 0 0]
                 [0 0 0]
                 [0 0 0]
                 [0 0 0]
                 [0 0 0]
                 [0 0 0]
                 [0 0 0]
                 [0 0 0]
                 [0 0 0]
                 [0 0 0]
                 [0 0 0]
                 [0 0 0]
                 [0 0 0]
                 [0 0 0]
                 [0 0 0]
                 [0 0 0]
                 [0 0 0]
                 [0 0 0]
                 [0 0 0]
                 [0 0 0]]
             [[0 0 0]
                 [0 0 0]
                 [0 0 1]
                 [0 0 0]
                 [0 0 0]
                 [0 0 0]
                 [0 0 0]
                 [0 0 0]
                 [0 0 0]
                 [0 0 0]
                 [0 0 0]
                 [0 0 0]
                 [0 0 0]
                 [0 0 0]
                 [0 0 0]
                 [0 0 0]
                 [0 0 0]
                 [0 0 0]
                 [0 0 0]
                 [0 0 0]
                 [0 0 0]
                 [0 0 0]
                 [0 0 0]
                 [0 0 0]
                 [0 0 0]
                 [0 0 0]
                 [0 0 0]
                 [0 0 0]
                 [0 0 0]
                 [0 0 0]
                 [0 0 0]
                 [0 0 0]
                 [0 0 0]
                 [0 0 0]
                 [0 0 0]
                 [0 0 0]
                 [0 0 0]
                 [0 0 0]
                 [0 0 0]
                 [0 0 0]
                 [0 0 0]
                 [0 0 0]
                 [0 0 0]
                 [0 0 0]
                 [0 0 0]
                 [0 0 0]
                 [0 0 0]
                 [0 0 0]
                 [0 0 0]
                 [0 0 0]
                 [0 0 0]
                 [0 0 0]
                 [0 0 0]
                 [0 0 0]
                 [0 0 0]
                 [0 0 0]
                 [0 0 0]
                 [0 0 0]
                 [0 0 0]
                 [0 0 0]
                 [0 0 0]]
             [[0 0 0]
                 [0 0 0]
                 [0 0 0]
                 [0 0 1]
                 [0 0 0]
                 [0 0 0]
                 [0 0 0]
                 [0 0 0]
                 [0 0 0]
                 [0 0 0]
                 [0 0 0]
                 [0 0 0]
                 [0 0 0]
                 [0 0 0]
                 [0 0 0]
                 [0 0 0]
                 [0 0 0]
                 [0 0 0]
                 [0 0 0]
                 [0 0 0]
                 [0 0 0]
                 [0 0 0]
                 [0 0 0]
                 [0 0 0]
                 [0 0 0]
                 [0 0 0]
                 [0 0 0]
                 [0 0 0]
                 [0 0 0]
                 [0 0 0]
                 [0 0 0]
                 [0 0 0]
                 [0 0 0]
                 [0 0 0]
                 [0 0 0]
                 [0 0 0]
                 [0 0 0]
                 [0 0 0]
                 [0 0 0]
                 [0 0 0]
                 [0 0 0]
                 [0 0 0]
                 [0 0 0]
                 [0 0 0]
                 [0 0 0]
                 [0 0 0]
                 [0 0 0]
                 [0 0 0]
                 [0 0 0]
                 [0 0 0]
                 [0 0 0]
                 [0 0 0]
                 [0 0 0]
                 [0 0 0]
                 [0 0 0]
                 [0 0 0]
                 [0 0 0]
                 [0 0 0]
                 [0 0 0]
                 [0 0 0]
                 [0 0 0]]
             [[0 0 0]
                 [0 0 0]
                 [0 0 0]
                 [0 0 0]
                 [0 0 0]
                 [0 0 0]
                 [0 0 0]
                 [0 0 0]
                 [0 0 1]
                 [0 0 0]
                 [0 0 0]
                 [0 0 0]
                 [0 0 0]
                 [0 0 0]
                 [0 0 0]
                 [0 0 0]
                 [0 0 0]
                 [0 0 0]
                 [0 0 0]
                 [0 0 0]
                 [0 0 0]
                 [0 0 0]
                 [0 0 0]
                 [0 0 0]
                 [0 0 0]
                 [0 0 0]
                 [0 0 0]
                 [0 0 0]
                 [0 0 0]
                 [0 0 0]
                 [0 0 0]
                 [0 0 0]
                 [0 0 0]
                 [0 0 0]
                 [0 0 0]
                 [0 0 0]
                 [0 0 0]
                 [0 0 0]
                 [0 0 0]
                 [0 0 0]
                 [0 0 0]
                 [0 0 0]
                 [0 0 0]
                 [0 0 0]
                 [0 0 0]
                 [0 0 0]
                 [0 0 0]
                 [0 0 0]
                 [0 0 0]
                 [0 0 0]
                 [0 0 0]
                 [0 0 0]
                 [0 0 0]
                 [0 0 0]
                 [0 0 0]
                 [0 0 0]
                 [0 0 0]
                 [0 0 0]
                 [0 0 0]
                 [0 0 0]
                 [0 0 0]]
             [[0 0 0]
                 [0 0 0]
                 [0 0 0]
                 [0 0 0]
                 [0 0 0]
                 [0 0 0]
                 [0 0 0]
                 [0 0 0]
                 [0 0 0]
                 [0 0 0]
                 [0 0 0]
                 [0 0 0]
                 [0 0 0]
                 [0 0 0]
                 [0 0 0]
                 [0 0 0]
                 [0 0 0]
                 [0 0 0]
                 [0 0 0]
                 [0 0 0]
                 [0 0 0]
                 [0 0 0]
                 [0 0 0]
                 [0 0 0]
                 [0 0 0]
                 [0 0 0]
                 [0 0 0]
                 [0 0 0]
                 [0 0 0]
                 [0 0 0]
                 [0 0 0]
                 [0 0 0]
                 [0 0 0]
                 [0 0 0]
                 [0 0 0]
                 [0 0 0]
                 [0 0 0]
                 [0 0 0]
                 [0 0 0]
                 [0 0 0]
                 [0 0 0]
                 [0 0 0]
                 [0 0 0]
                 [0 0 0]
                 [0 0 0]
                 [0 0 0]
                 [0 0 0]
                 [0 0 0]
                 [0 0 0]
                 [0 0 0]
                 [0 0 0]
                 [0 0 0]
                 [0 0 0]
                 [0 0 0]
                 [0 0 0]
                 [0 0 0]
                 [0 0 0]
                 [0 0 0]
                 [0 0 0]
                 [0 0 0]
                 [0 0 0]]
             [[0 0 0]
                 [0 0 0]
                 [0 0 0]
                 [0 0 0]
                 [0 0 0]
                 [0 0 0]
                 [0 0 0]
                 [0 0 0]
                 [0 0 0]
                 [0 0 0]
                 [0 0 0]
                 [0 0 0]
                 [0 0 0]
                 [0 0 0]
                 [0 0 0]
                 [0 0 0]
                 [0 0 0]
                 [0 0 0]
                 [0 0 0]
                 [0 0 0]
                 [0 0 0]
                 [0 0 0]
                 [0 0 0]
                 [0 0 0]
                 [0 0 0]
                 [0 0 0]
                 [0 0 0]
                 [0 0 0]
                 [0 0 0]
                 [0 0 0]
                 [0 0 0]
                 [0 0 0]
                 [0 0 0]
                 [0 0 0]
                 [0 0 0]
                 [0 0 0]
                 [0 0 0]
                 [0 0 0]
                 [0 0 0]
                 [0 0 0]
                 [0 0 0]
                 [0 0 0]
                 [0 0 0]
                 [0 0 0]
                 [0 0 0]
                 [0 0 0]
                 [0 0 0]
                 [0 0 0]
                 [0 0 0]
                 [0 0 0]
                 [0 0 0]
                 [0 0 0]
                 [0 0 0]
                 [0 0 0]
                 [0 0 0]
                 [0 0 0]
                 [0 0 0]
                 [0 0 0]
                 [0 0 0]
                 [0 0 0]
                 [0 0 0]]
             [[0 0 1]
                 [0 0 0]
                 [0 0 0]
                 [0 0 0]
                 [0 0 0]
                 [0 0 0]
                 [0 0 0]
                 [0 0 0]
                 [0 0 0]
                 [0 0 0]
                 [0 0 0]
                 [0 0 0]
                 [0 0 0]
                 [0 0 0]
                 [0 0 0]
                 [0 0 0]
                 [0 0 0]
                 [0 0 0]
                 [0 0 0]
                 [0 0 0]
                 [0 0 0]
                 [0 0 0]
                 [0 0 0]
                 [0 0 0]
                 [0 0 0]
                 [0 0 0]
                 [0 0 0]
                 [0 0 0]
                 [0 0 0]
                 [0 0 0]
                 [0 0 0]
                 [0 0 0]
                 [0 0 0]
                 [0 0 0]
                 [0 0 0]
                 [0 0 0]
                 [0 0 0]
                 [0 0 0]
                 [0 0 0]
                 [0 0 0]
                 [0 0 0]
                 [0 0 0]
                 [0 0 0]
                 [0 0 0]
                 [0 0 0]
                 [0 0 0]
                 [0 0 0]
                 [0 0 0]
                 [0 0 0]
                 [0 0 0]
                 [0 0 0]
                 [0 0 0]
                 [0 0 0]
                 [0 0 0]
                 [0 0 0]
                 [0 0 0]
                 [0 0 0]
                 [0 0 0]
                 [0 0 0]
                 [0 0 0]
                 [0 0 0]]
             [[0 0 0]
                 [0 0 0]
                 [0 0 0]
                 [0 0 0]
                 [0 0 0]
                 [0 0 0]
                 [0 0 0]
                 [0 0 0]
                 [0 0 0]
                 [0 0 0]
                 [0 0 0]
                 [0 0 0]
                 [0 0 0]
                 [0 0 0]
                 [0 0 0]
                 [0 0 0]
                 [0 0 0]
                 [0 0 0]
                 [0 0 0]
                 [0 0 0]
                 [0 0 0]
                 [0 0 0]
                 [0 0 0]
                 [0 0 0]
                 [0 0 0]
                 [0 0 0]
                 [0 0 0]
                 [0 0 0]
                 [0 0 0]
                 [0 0 0]
                 [0 0 0]
                 [0 0 0]
                 [0 0 0]
                 [0 0 0]
                 [0 0 0]
                 [0 0 0]
                 [0 0 0]
                 [0 0 0]
                 [0 0 0]
                 [0 0 0]
                 [0 0 0]
                 [0 0 0]
                 [0 0 0]
                 [0 0 0]
                 [0 0 0]
                 [0 0 0]
                 [0 0 0]
                 [0 0 0]
                 [0 0 0]
                 [0 0 0]
                 [0 0 0]
                 [0 0 0]
                 [0 0 0]
                 [0 0 0]
                 [0 0 0]
                 [0 0 0]
                 [0 0 0]
                 [0 0 0]
                 [0 0 0]
                 [0 0 0]
                 [0 0 0]]
             [[0 0 0]
                 [0 0 0]
                 [0 0 0]
                 [0 0 0]
                 [0 0 0]
                 [0 0 0]
                 [0 0 0]
                 [0 0 0]
                 [0 0 0]
                 [0 0 0]
                 [0 0 0]
                 [0 0 0]
                 [0 0 0]
                 [0 0 0]
                 [0 0 0]
                 [0 0 0]
                 [0 0 0]
                 [0 0 0]
                 [0 0 0]
                 [0 0 0]
                 [0 0 0]
                 [0 0 0]
                 [0 0 0]
                 [0 0 0]
                 [0 0 0]
                 [0 0 0]
                 [0 0 0]
                 [0 0 0]
                 [0 0 0]
                 [0 0 0]
                 [0 0 0]
                 [0 0 0]
                 [0 0 0]
                 [0 0 0]
                 [0 0 1]
                 [0 0 0]
                 [0 0 0]
                 [0 0 0]
                 [0 0 0]
                 [0 0 0]
                 [0 0 0]
                 [0 0 0]
                 [0 0 0]
                 [0 0 0]
                 [0 0 0]
                 [0 0 0]
                 [0 0 0]
                 [0 0 0]
                 [0 0 0]
                 [0 0 0]
                 [0 0 0]
                 [0 0 0]
                 [0 0 0]
                 [0 0 0]
                 [0 0 0]
                 [0 0 0]
                 [0 0 0]
                 [0 0 0]
                 [0 0 0]
                 [0 0 0]
                 [0 0 0]]
             [[0 0 0]
                 [0 0 0]
                 [0 0 0]
                 [0 0 0]
                 [0 0 0]
                 [0 0 0]
                 [0 0 0]
                 [0 0 0]
                 [0 0 0]
                 [0 0 0]
                 [0 0 0]
                 [0 0 0]
                 [0 0 0]
                 [0 0 0]
                 [0 0 0]
                 [0 0 0]
                 [0 0 0]
                 [0 0 0]
                 [0 0 0]
                 [0 0 0]
                 [0 0 0]
                 [0 0 0]
                 [0 0 0]
                 [0 0 0]
                 [0 0 0]
                 [0 0 0]
                 [0 0 0]
                 [0 0 0]
                 [0 0 0]
                 [0 0 0]
                 [0 0 0]
                 [0 0 0]
                 [0 0 0]
                 [0 0 0]
                 [0 0 0]
                 [0 0 0]
                 [0 0 0]
                 [0 0 0]
                 [0 0 0]
                 [0 0 0]
                 [0 0 0]
                 [0 0 0]
                 [0 0 0]
                 [0 0 0]
                 [0 0 0]
                 [0 0 0]
                 [0 0 0]
                 [0 0 0]
                 [0 0 0]
                 [0 0 0]
                 [0 0 0]
                 [0 0 0]
                 [0 0 0]
                 [0 0 0]
                 [0 0 0]
                 [0 0 0]
                 [0 0 0]
                 [0 0 0]
                 [0 0 0]
                 [0 0 0]
                 [0 0 0]]
             [[0 0 0]
                 [0 0 0]
                 [0 0 0]
                 [0 0 0]
                 [0 0 0]
                 [0 0 0]
                 [0 0 0]
                 [0 0 0]
                 [0 0 0]
                 [0 0 0]
                 [0 0 0]
                 [0 0 0]
                 [0 0 0]
                 [0 0 0]
                 [0 0 0]
                 [0 0 0]
                 [0 0 0]
                 [0 0 0]
                 [0 0 0]
                 [0 0 0]
                 [0 0 0]
                 [0 0 0]
                 [0 0 0]
                 [0 0 0]
                 [0 0 0]
                 [0 0 0]
                 [0 0 0]
                 [0 0 0]
                 [0 0 0]
                 [0 0 0]
                 [0 0 0]
                 [0 0 0]
                 [0 0 0]
                 [0 0 0]
                 [0 0 0]
                 [0 0 0]
                 [0 0 0]
                 [0 0 0]
                 [0 0 0]
                 [0 0 0]
                 [0 0 0]
                 [0 0 0]
                 [0 0 0]
                 [0 0 0]
                 [0 0 0]
                 [0 0 0]
                 [0 0 0]
                 [0 0 0]
                 [0 0 0]
                 [0 0 0]
                 [0 0 0]
                 [0 0 0]
                 [0 0 0]
                 [0 0 0]
                 [0 0 0]
                 [0 0 0]
                 [0 0 0]
                 [0 0 0]
                 [0 0 0]
                 [0 0 0]
                 [0 0 0]]
             [[0 0 0]
                 [0 0 0]
                 [0 0 0]
                 [0 0 0]
                 [0 0 0]
                 [0 0 0]
                 [0 0 0]
                 [0 0 0]
                 [0 0 0]
                 [0 0 0]
                 [0 0 0]
                 [0 0 0]
                 [0 0 0]
                 [0 0 0]
                 [0 0 0]
                 [0 0 0]
                 [0 0 0]
                 [0 0 0]
                 [0 0 0]
                 [0 0 0]
                 [0 0 0]
                 [0 0 0]
                 [0 0 0]
                 [0 0 0]
                 [0 0 0]
                 [0 0 0]
                 [0 0 0]
                 [0 0 0]
                 [0 0 0]
                 [0 0 0]
                 [0 0 0]
                 [0 0 0]
                 [0 0 0]
                 [0 0 0]
                 [0 0 0]
                 [0 0 0]
                 [0 0 0]
                 [0 0 0]
                 [0 0 0]
                 [0 0 0]
                 [0 0 0]
                 [1 0 0]
                 [0 0 0]
                 [0 0 0]
                 [0 0 0]
                 [0 0 0]
                 [0 0 0]
                 [0 0 0]
                 [0 0 0]
                 [0 0 0]
                 [0 0 0]
                 [0 0 0]
                 [0 0 0]
                 [0 0 0]
                 [0 0 0]
                 [0 0 0]
                 [0 0 0]
                 [0 0 0]
                 [0 0 0]
                 [0 0 0]
                 [0 0 0]]
             [[1 0 0]
                 [0 0 0]
                 [0 0 0]
                 [0 0 0]
                 [0 0 0]
                 [0 0 0]
                 [0 0 0]
                 [0 0 0]
                 [0 0 0]
                 [0 0 0]
                 [0 0 0]
                 [0 0 0]
                 [0 0 0]
                 [0 0 0]
                 [0 0 0]
                 [0 0 0]
                 [0 0 0]
                 [0 0 0]
                 [0 0 0]
                 [0 0 0]
                 [0 0 0]
                 [0 0 0]
                 [0 0 0]
                 [0 0 0]
                 [0 0 0]
                 [0 0 0]
                 [0 0 0]
                 [0 0 0]
                 [0 0 0]
                 [0 0 0]
                 [0 0 0]
                 [0 0 0]
                 [0 0 0]
                 [0 0 0]
                 [0 0 0]
                 [0 0 0]
                 [0 0 0]
                 [0 0 0]
                 [0 0 0]
                 [0 0 0]
                 [0 0 0]
                 [0 0 0]
                 [0 0 0]
                 [0 0 0]
                 [0 0 0]
                 [0 0 0]
                 [0 0 0]
                 [0 0 0]
                 [0 0 0]
                 [0 0 0]
                 [0 0 0]
                 [0 0 0]
                 [0 0 0]
                 [0 0 0]
                 [0 0 0]
                 [0 0 0]
                 [0 0 0]
                 [0 0 0]
                 [0 0 0]
                 [0 0 0]
                 [0 0 0]]
             [[0 0 0]
                 [0 0 0]
                 [0 0 0]
                 [0 0 0]
                 [0 0 0]
                 [0 0 0]
                 [0 0 0]
                 [0 0 0]
                 [0 0 0]
                 [0 0 0]
                 [0 0 0]
                 [0 0 0]
                 [0 0 0]
                 [0 0 0]
                 [0 0 0]
                 [0 0 0]
                 [0 0 0]
                 [0 0 0]
                 [0 0 0]
                 [0 0 0]
                 [0 0 0]
                 [0 0 0]
                 [0 0 0]
                 [0 0 0]
                 [0 0 0]
                 [0 0 0]
                 [0 0 0]
                 [0 0 0]
                 [0 0 0]
                 [0 0 0]
                 [0 0 0]
                 [0 0 0]
                 [0 0 0]
                 [0 0 0]
                 [0 0 0]
                 [0 0 0]
                 [0 0 0]
                 [0 0 0]
                 [0 0 0]
                 [0 0 0]
                 [0 0 0]
                 [0 0 0]
                 [0 0 0]
                 [0 0 0]
                 [0 0 0]
                 [0 0 0]
                 [0 0 0]
                 [0 0 0]
                 [0 0 0]
                 [0 0 0]
                 [0 0 0]
                 [0 0 0]
                 [0 0 0]
                 [0 0 0]
                 [0 0 0]
                 [0 0 0]
                 [0 0 0]
                 [0 0 0]
                 [0 0 0]
                 [0 0 0]
                 [0 0 0]]
             [[0 1 0]
                 [0 0 0]
                 [0 0 0]
                 [0 0 0]
                 [0 0 0]
                 [0 0 0]
                 [0 0 0]
                 [0 0 0]
                 [0 0 0]
                 [0 0 0]
                 [0 0 0]
                 [0 0 0]
                 [0 0 0]
                 [0 0 0]
                 [0 0 0]
                 [0 0 0]
                 [0 0 0]
                 [0 0 0]
                 [0 0 0]
                 [0 0 0]
                 [0 0 0]
                 [0 0 0]
                 [0 0 0]
                 [0 0 0]
                 [0 0 0]
                 [0 0 0]
                 [0 0 0]
                 [0 0 0]
                 [0 0 0]
                 [0 0 0]
                 [0 0 0]
                 [0 0 0]
                 [0 0 0]
                 [0 0 0]
                 [0 0 0]
                 [0 0 0]
                 [0 0 0]
                 [0 0 0]
                 [0 0 0]
                 [0 0 0]
                 [0 0 0]
                 [0 0 0]
                 [0 0 0]
                 [0 0 0]
                 [0 0 0]
                 [0 0 0]
                 [0 0 0]
                 [0 0 0]
                 [0 0 0]
                 [0 0 0]
                 [0 0 0]
                 [0 0 0]
                 [0 0 0]
                 [0 0 0]
                 [0 0 0]
                 [0 0 0]
                 [0 0 0]
                 [0 0 0]
                 [0 0 0]
                 [0 0 0]
                 [0 0 0]]
             [[0 0 0]
                 [0 0 0]
                 [0 0 0]
                 [0 0 0]
                 [0 0 0]
                 [0 0 0]
                 [0 0 0]
                 [0 0 0]
                 [0 0 0]
                 [0 0 0]
                 [0 0 0]
                 [0 0 0]
                 [0 0 0]
                 [0 0 0]
                 [0 0 0]
                 [0 0 0]
                 [0 0 0]
                 [0 0 0]
                 [0 0 0]
                 [0 0 0]
                 [0 0 0]
                 [0 0 0]
                 [0 0 0]
                 [0 0 0]
                 [0 0 0]
                 [0 0 0]
                 [0 0 0]
                 [0 0 0]
                 [0 0 0]
                 [0 0 0]
                 [0 0 0]
                 [0 0 0]
                 [0 0 0]
                 [0 0 0]
                 [0 0 0]
                 [0 0 0]
                 [0 0 0]
                 [0 0 0]
                 [0 0 0]
                 [0 0 0]
                 [0 0 0]
                 [0 0 0]
                 [0 0 0]
                 [0 0 0]
                 [0 0 0]
                 [0 0 0]
                 [0 0 0]
                 [0 0 0]
                 [0 0 0]
                 [0 0 0]
                 [0 0 0]
                 [0 0 0]
                 [0 0 0]
                 [0 0 0]
                 [0 0 0]
                 [0 0 0]
                 [0 0 0]
                 [0 0 0]
                 [0 0 0]
                 [0 0 0]
                 [0 0 0]]
             [[0 0 0]
                 [0 0 0]
                 [0 0 0]
                 [0 0 0]
                 [0 0 0]
                 [0 0 0]
                 [0 0 0]
                 [0 0 0]
                 [0 0 0]
                 [0 0 0]
                 [0 0 0]
                 [0 0 0]
                 [0 0 0]
                 [0 0 0]
                 [0 0 0]
                 [0 0 0]
                 [0 0 0]
                 [0 0 0]
                 [0 0 0]
                 [0 0 0]
                 [0 0 0]
                 [0 0 0]
                 [0 0 0]
                 [0 0 0]
                 [0 0 0]
                 [0 0 0]
                 [0 0 0]
                 [0 0 0]
                 [0 0 0]
                 [0 0 0]
                 [0 0 0]
                 [0 0 0]
                 [0 0 0]
                 [0 0 0]
                 [0 0 0]
                 [0 0 0]
                 [0 0 0]
                 [0 0 0]
                 [0 0 0]
                 [0 0 0]
                 [0 0 0]
                 [0 0 0]
                 [0 0 0]
                 [0 0 0]
                 [0 0 0]
                 [0 0 0]
                 [0 0 0]
                 [0 0 0]
                 [0 0 0]
                 [0 0 0]
                 [0 0 0]
                 [0 0 0]
                 [0 0 0]
                 [0 0 0]
                 [0 0 0]
                 [0 0 0]
                 [0 0 0]
                 [0 0 0]
                 [0 0 0]
                 [0 0 0]
                 [0 0 0]]
             [[0 0 0]
                 [0 0 0]
                 [0 0 0]
                 [0 0 0]
                 [0 0 0]
                 [0 0 0]
                 [0 0 0]
                 [0 0 0]
                 [0 0 0]
                 [0 0 0]
                 [0 0 0]
                 [0 0 0]
                 [0 0 0]
                 [0 0 0]
                 [0 0 0]
                 [0 0 0]
                 [0 0 0]
                 [0 0 0]
                 [0 0 0]
                 [0 0 0]
                 [0 0 0]
                 [0 0 0]
                 [0 0 0]
                 [0 0 0]
                 [0 0 0]
                 [0 0 0]
                 [0 0 0]
                 [0 0 0]
                 [0 0 0]
                 [0 0 0]
                 [0 0 0]
                 [0 0 0]
                 [0 0 0]
                 [0 0 0]
                 [0 0 0]
                 [0 0 0]
                 [0 0 0]
                 [0 0 0]
                 [0 0 0]
                 [0 0 0]
                 [0 0 0]
                 [0 0 0]
                 [0 0 0]
                 [0 0 0]
                 [0 0 0]
                 [0 0 0]
                 [0 0 0]
                 [0 0 0]
                 [0 0 0]
                 [0 0 0]
                 [0 0 0]
                 [0 0 0]
                 [0 0 0]
                 [0 0 0]
                 [0 0 0]
                 [0 0 0]
                 [0 0 0]
                 [0 0 0]
                 [0 0 0]
                 [0 0 0]
                 [0 0 0]]
             [[0 0 0]
                 [0 0 0]
                 [0 0 0]
                 [0 0 0]
                 [0 0 0]
                 [0 0 0]
                 [0 0 0]
                 [0 0 0]
                 [0 0 0]
                 [0 0 0]
                 [0 0 0]
                 [0 0 0]
                 [0 0 0]
                 [0 0 0]
                 [0 0 0]
                 [0 0 0]
                 [0 0 0]
                 [0 0 0]
                 [0 0 0]
                 [0 0 0]
                 [0 0 0]
                 [0 0 0]
                 [0 0 0]
                 [0 0 0]
                 [0 0 0]
                 [0 0 0]
                 [0 0 0]
                 [0 0 0]
                 [0 0 0]
                 [0 0 0]
                 [0 0 0]
                 [0 0 0]
                 [0 0 0]
                 [0 0 0]
                 [0 0 0]
                 [0 0 0]
                 [0 0 0]
                 [0 0 0]
                 [0 0 0]
                 [0 0 0]
                 [0 0 0]
                 [0 0 0]
                 [0 0 0]
                 [0 0 0]
                 [0 0 0]
                 [0 0 0]
                 [0 0 0]
                 [0 0 0]
                 [0 0 0]
                 [0 0 0]
                 [0 0 0]
                 [0 0 0]
                 [0 0 0]
                 [0 0 0]
                 [0 0 0]
                 [0 0 0]
                 [0 0 0]
                 [0 0 0]
                 [0 0 0]
                 [0 0 0]
                 [0 0 0]]
             [[0 0 0]
                 [0 0 0]
                 [0 0 0]
                 [0 0 0]
                 [0 0 0]
                 [0 0 0]
                 [0 0 0]
                 [0 0 0]
                 [0 0 0]
                 [0 0 0]
                 [0 0 0]
                 [0 0 0]
                 [0 0 0]
                 [0 0 0]
                 [0 0 0]
                 [0 0 0]
                 [0 0 0]
                 [0 0 0]
                 [0 0 0]
                 [0 0 0]
                 [0 0 0]
                 [0 0 0]
                 [0 0 0]
                 [0 0 0]
                 [0 0 0]
                 [0 0 0]
                 [0 0 0]
                 [0 0 0]
                 [0 0 0]
                 [0 0 0]
                 [0 0 0]
                 [0 0 0]
                 [0 0 0]
                 [0 0 0]
                 [0 0 0]
                 [0 0 0]
                 [0 0 0]
                 [0 0 0]
                 [0 0 0]
                 [0 0 0]
                 [0 0 0]
                 [0 0 0]
                 [0 0 0]
                 [0 0 0]
                 [0 0 0]
                 [0 0 0]
                 [0 0 0]
                 [0 0 0]
                 [0 0 0]
                 [0 0 0]
                 [0 0 0]
                 [0 0 0]
                 [0 0 0]
                 [0 0 0]
                 [0 0 0]
                 [0 0 0]
                 [0 0 0]
                 [0 0 0]
                 [0 0 0]
                 [0 0 0]
                 [0 0 0]]
             [[0 0 0]
                 [0 0 0]
                 [0 0 0]
                 [0 0 0]
                 [0 0 0]
                 [0 0 0]
                 [0 0 0]
                 [0 0 0]
                 [0 0 0]
                 [0 0 0]
                 [0 0 0]
                 [0 0 0]
                 [0 0 0]
                 [0 0 0]
                 [0 0 0]
                 [0 0 0]
                 [0 0 0]
                 [0 0 0]
                 [0 0 0]
                 [0 0 0]
                 [0 0 0]
                 [0 0 0]
                 [0 0 0]
                 [0 0 0]
                 [0 0 0]
                 [0 0 0]
                 [0 0 0]
                 [0 0 0]
                 [0 0 0]
                 [0 0 0]
                 [0 0 0]
                 [0 0 0]
                 [0 0 0]
                 [0 0 0]
                 [0 0 0]
                 [0 0 0]
                 [0 0 0]
                 [0 0 0]
                 [0 0 0]
                 [0 0 0]
                 [0 0 0]
                 [0 0 0]
                 [0 0 0]
                 [0 0 0]
                 [0 0 0]
                 [0 0 0]
                 [0 0 0]
                 [0 0 0]
                 [0 0 0]
                 [0 0 0]
                 [0 0 0]
                 [0 0 0]
                 [0 0 0]
                 [0 0 0]
                 [0 0 0]
                 [0 0 0]
                 [0 0 0]
                 [0 0 0]
                 [0 0 0]
                 [0 0 0]
                 [0 0 0]]
             [[0 0 0]
                 [0 0 0]
                 [0 0 0]
                 [0 0 0]
                 [0 0 0]
                 [0 0 0]
                 [0 0 0]
                 [0 0 0]
                 [0 0 0]
                 [0 0 0]
                 [0 0 0]
                 [0 0 0]
                 [0 0 0]
                 [0 0 0]
                 [0 0 0]
                 [0 0 0]
                 [0 0 0]
                 [0 0 0]
                 [0 0 0]
                 [0 0 0]
                 [0 0 0]
                 [0 0 0]
                 [0 0 0]
                 [0 0 0]
                 [0 0 0]
                 [0 0 0]
                 [0 0 0]
                 [0 0 0]
                 [0 0 0]
                 [0 0 0]
                 [0 0 0]
                 [0 0 0]
                 [0 0 0]
                 [0 0 0]
                 [0 0 0]
                 [0 0 0]
                 [0 0 0]
                 [0 0 0]
                 [0 0 0]
                 [0 0 0]
                 [0 0 0]
                 [0 0 0]
                 [0 0 0]
                 [0 0 0]
                 [0 0 0]
                 [0 0 0]
                 [0 0 0]
                 [0 0 0]
                 [0 0 0]
                 [0 0 0]
                 [0 0 0]
                 [0 0 0]
                 [0 0 0]
                 [0 0 0]
                 [0 0 0]
                 [0 0 0]
                 [0 0 0]
                 [0 0 0]
                 [0 0 0]
                 [0 0 0]
                 [0 0 0]]
             [[0 0 0]
                 [0 0 0]
                 [0 0 0]
                 [0 0 0]
                 [0 0 0]
                 [0 0 0]
                 [0 0 0]
                 [0 0 0]
                 [0 0 0]
                 [0 0 0]
                 [0 0 0]
                 [0 0 0]
                 [0 0 0]
                 [0 0 0]
                 [0 0 0]
                 [0 0 0]
                 [0 0 0]
                 [0 0 0]
                 [0 0 0]
                 [0 0 0]
                 [0 0 0]
                 [0 0 0]
                 [0 0 0]
                 [0 0 0]
                 [0 0 0]
                 [0 0 0]
                 [0 0 0]
                 [0 0 0]
                 [0 0 0]
                 [0 0 0]
                 [0 0 0]
                 [0 0 0]
                 [0 0 0]
                 [0 0 0]
                 [0 0 0]
                 [0 0 0]
                 [0 0 0]
                 [0 0 0]
                 [0 0 0]
                 [0 0 0]
                 [0 0 0]
                 [0 0 0]
                 [0 0 0]
                 [0 0 0]
                 [0 0 0]
                 [0 0 0]
                 [0 0 0]
                 [0 0 0]
                 [0 0 0]
                 [0 0 0]
                 [0 0 0]
                 [0 0 0]
                 [0 0 0]
                 [0 0 0]
                 [0 0 0]
                 [0 0 0]
                 [0 0 0]
                 [0 0 0]
                 [0 0 0]
                 [0 0 0]
                 [0 0 0]]
             [[0 0 0]
                 [0 0 0]
                 [0 0 0]
                 [0 0 0]
                 [0 0 0]
                 [0 0 0]
                 [0 0 0]
                 [0 0 0]
                 [0 0 0]
                 [0 0 0]
                 [0 0 0]
                 [0 0 0]
                 [0 0 0]
                 [0 0 0]
                 [0 0 0]
                 [0 0 0]
                 [0 0 0]
                 [0 0 0]
                 [0 0 0]
                 [0 0 0]
                 [0 0 0]
                 [0 0 0]
                 [0 0 0]
                 [0 0 0]
                 [0 0 0]
                 [0 0 0]
                 [0 0 0]
                 [0 0 0]
                 [0 0 0]
                 [0 0 0]
                 [0 0 0]
                 [0 0 0]
                 [0 0 0]
                 [0 0 0]
                 [0 0 0]
                 [0 0 0]
                 [0 0 0]
                 [0 0 0]
                 [0 0 0]
                 [0 0 0]
                 [0 0 0]
                 [0 0 0]
                 [0 0 0]
                 [0 0 0]
                 [0 0 0]
                 [0 0 0]
                 [0 0 0]
                 [0 0 0]
                 [0 0 0]
                 [0 0 0]
                 [0 0 0]
                 [0 0 0]
                 [0 0 0]
                 [0 0 0]
                 [0 0 0]
                 [0 0 0]
                 [0 0 0]
                 [0 0 0]
                 [0 0 0]
                 [0 0 0]
                 [0 0 0]]
             [[0 0 0]
                 [0 0 0]
                 [0 0 0]
                 [0 0 0]
                 [0 0 0]
                 [0 0 0]
                 [0 0 0]
                 [0 0 0]
                 [0 0 0]
                 [0 0 0]
                 [0 0 0]
                 [0 0 0]
                 [0 0 0]
                 [0 0 0]
                 [0 0 0]
                 [0 0 0]
                 [0 0 0]
                 [0 0 0]
                 [0 0 0]
                 [0 0 0]
                 [0 0 0]
                 [0 0 0]
                 [0 0 0]
                 [0 0 0]
                 [0 0 0]
                 [0 0 0]
                 [0 0 0]
                 [0 0 0]
                 [0 0 0]
                 [0 0 0]
                 [0 0 0]
                 [0 0 0]
                 [0 0 0]
                 [0 0 0]
                 [0 0 0]
                 [0 0 0]
                 [0 0 0]
                 [0 0 0]
                 [0 0 0]
                 [0 0 0]
                 [0 0 0]
                 [0 0 0]
                 [0 0 0]
                 [0 0 0]
                 [0 0 0]
                 [0 0 0]
                 [0 0 0]
                 [0 0 0]
                 [0 0 0]
                 [0 0 0]
                 [0 0 0]
                 [0 0 0]
                 [0 0 0]
                 [0 0 0]
                 [0 0 0]
                 [0 0 0]
                 [0 0 0]
                 [0 0 0]
                 [0 0 0]
                 [0 0 0]
                 [0 0 0]]
             [[0 0 0]
                 [0 0 0]
                 [0 0 0]
                 [0 0 0]
                 [0 0 0]
                 [0 0 0]
                 [0 0 0]
                 [0 0 0]
                 [0 0 0]
                 [0 0 0]
                 [0 0 0]
                 [0 0 0]
                 [0 0 0]
                 [0 0 0]
                 [0 0 0]
                 [0 0 0]
                 [0 0 0]
                 [0 0 0]
                 [0 0 0]
                 [0 0 0]
                 [0 0 0]
                 [0 0 0]
                 [0 0 0]
                 [0 0 0]
                 [0 0 0]
                 [0 0 0]
                 [0 0 0]
                 [0 0 0]
                 [0 0 0]
                 [0 0 0]
                 [0 0 0]
                 [0 0 0]
                 [0 0 0]
                 [0 0 0]
                 [0 0 0]
                 [0 0 0]
                 [0 0 0]
                 [0 0 0]
                 [0 0 0]
                 [0 0 0]
                 [0 0 0]
                 [0 0 0]
                 [0 0 0]
                 [0 0 0]
                 [0 0 0]
                 [0 0 0]
                 [0 0 0]
                 [0 0 0]
                 [0 0 0]
                 [0 0 0]
                 [0 0 0]
                 [0 0 0]
                 [0 0 0]
                 [0 0 0]
                 [0 0 0]
                 [0 0 0]
                 [0 0 0]
                 [0 0 0]
                 [0 0 0]
                 [0 0 0]
                 [0 0 0]]
             [[0 0 0]
                 [0 0 0]
                 [0 0 0]
                 [0 0 0]
                 [0 0 0]
                 [0 0 0]
                 [0 0 0]
                 [0 0 0]
                 [0 0 0]
                 [0 0 0]
                 [0 0 0]
                 [0 0 0]
                 [0 0 0]
                 [0 0 0]
                 [0 0 0]
                 [0 0 0]
                 [0 0 0]
                 [0 0 0]
                 [0 0 0]
                 [0 0 0]
                 [0 0 0]
                 [0 0 0]
                 [0 0 0]
                 [0 0 0]
                 [0 0 0]
                 [0 0 0]
                 [0 0 0]
                 [0 0 0]
                 [0 0 0]
                 [0 0 0]
                 [0 0 0]
                 [0 0 0]
                 [0 0 0]
                 [0 0 0]
                 [0 0 0]
                 [0 0 0]
                 [0 0 0]
                 [0 0 0]
                 [0 0 0]
                 [0 0 0]
                 [0 0 0]
                 [0 0 0]
                 [0 0 0]
                 [0 0 0]
                 [0 0 0]
                 [0 0 0]
                 [0 0 0]
                 [0 0 0]
                 [0 0 0]
                 [0 0 0]
                 [0 0 0]
                 [0 0 0]
                 [0 1 0]
                 [0 0 0]
                 [0 0 0]
                 [0 0 0]
                 [0 0 0]
                 [0 0 0]
                 [0 0 0]
                 [0 0 0]
                 [0 0 0]]
             [[0 0 0]
                 [0 0 0]
                 [0 0 0]
                 [0 0 0]
                 [0 0 0]
                 [0 0 0]
                 [0 0 0]
                 [0 0 0]
                 [0 0 0]
                 [0 0 0]
                 [0 0 0]
                 [0 0 0]
                 [0 0 0]
                 [0 0 0]
                 [0 0 0]
                 [0 0 0]
                 [0 0 0]
                 [0 0 0]
                 [0 0 0]
                 [0 0 0]
                 [0 0 0]
                 [0 0 0]
                 [0 0 0]
                 [0 0 0]
                 [0 0 0]
                 [0 0 0]
                 [0 0 0]
                 [0 0 0]
                 [0 0 0]
                 [0 0 0]
                 [0 0 0]
                 [0 0 0]
                 [0 0 0]
                 [0 0 0]
                 [0 0 0]
                 [0 0 0]
                 [0 0 0]
                 [0 0 0]
                 [0 0 0]
                 [0 0 0]
                 [0 0 0]
                 [0 0 0]
                 [0 0 0]
                 [0 0 0]
                 [0 0 0]
                 [0 0 0]
                 [0 0 0]
                 [0 0 0]
                 [0 0 0]
                 [0 0 0]
                 [0 0 0]
                 [0 0 0]
                 [0 0 0]
                 [0 0 0]
                 [0 0 0]
                 [0 0 0]
                 [0 0 0]
                 [0 0 0]
                 [0 0 0]
                 [0 0 0]
                 [0 0 0]]
             [[0 0 0]
                 [0 0 0]
                 [0 0 0]
                 [0 0 0]
                 [0 0 0]
                 [0 0 0]
                 [0 0 0]
                 [0 0 0]
                 [0 0 0]
                 [0 0 0]
                 [0 0 0]
                 [0 0 0]
                 [1 0 0]
                 [0 0 0]
                 [0 0 0]
                 [0 0 0]
                 [0 0 0]
                 [0 0 0]
                 [0 0 0]
                 [0 0 0]
                 [0 0 0]
                 [0 0 0]
                 [0 0 0]
                 [0 0 0]
                 [0 0 0]
                 [0 0 0]
                 [0 0 0]
                 [0 0 0]
                 [0 0 0]
                 [0 0 0]
                 [0 0 0]
                 [0 0 0]
                 [0 0 0]
                 [0 0 0]
                 [0 0 0]
                 [0 0 0]
                 [0 0 0]
                 [0 0 0]
                 [0 0 0]
                 [0 0 0]
                 [0 0 0]
                 [0 0 0]
                 [0 0 0]
                 [0 0 0]
                 [0 0 0]
                 [0 0 0]
                 [0 0 0]
                 [0 0 0]
                 [0 0 0]
                 [0 0 0]
                 [0 0 0]
                 [0 0 0]
                 [0 0 0]
                 [0 0 0]
                 [0 0 0]
                 [0 0 0]
                 [0 0 0]
                 [0 0 0]
                 [0 0 0]
                 [0 0 0]
                 [0 0 0]]
             [[0 0 0]
                 [0 0 0]
                 [0 0 0]
                 [0 0 0]
                 [0 0 0]
                 [0 0 0]
                 [0 0 0]
                 [0 0 0]
                 [0 0 0]
                 [0 0 0]
                 [0 0 0]
                 [0 0 0]
                 [0 0 0]
                 [0 0 0]
                 [0 0 0]
                 [0 0 0]
                 [0 0 0]
                 [0 0 0]
                 [0 0 0]
                 [0 0 0]
                 [0 0 0]
                 [0 0 0]
                 [0 0 0]
                 [0 0 0]
                 [0 0 0]
                 [0 0 0]
                 [0 0 0]
                 [0 0 0]
                 [0 0 0]
                 [0 0 0]
                 [0 0 0]
                 [0 0 0]
                 [0 0 0]
                 [0 0 0]
                 [0 0 0]
                 [0 0 0]
                 [0 0 0]
                 [0 0 0]
                 [0 0 0]
                 [0 0 0]
                 [0 0 0]
                 [0 0 0]
                 [0 0 0]
                 [0 0 0]
                 [0 0 0]
                 [0 0 0]
                 [0 0 0]
                 [0 0 0]
                 [0 0 0]
                 [0 0 0]
                 [0 0 0]
                 [0 0 0]
                 [0 0 0]
                 [0 0 0]
                 [0 0 0]
                 [0 0 0]
                 [0 0 0]
                 [0 0 0]
                 [0 0 0]
                 [0 0 0]
                 [0 0 0]]
             [[0 0 0]
                 [0 0 0]
                 [0 0 0]
                 [0 0 0]
                 [0 0 0]
                 [0 0 0]
                 [0 0 0]
                 [0 0 0]
                 [0 0 0]
                 [0 0 0]
                 [0 0 0]
                 [0 0 0]
                 [0 0 0]
                 [0 0 0]
                 [0 0 0]
                 [0 0 0]
                 [0 0 0]
                 [0 0 0]
                 [0 0 0]
                 [0 0 0]
                 [0 0 0]
                 [0 0 0]
                 [0 0 0]
                 [0 0 0]
                 [0 0 0]
                 [0 0 0]
                 [0 0 0]
                 [0 0 0]
                 [0 0 0]
                 [0 0 0]
                 [0 0 0]
                 [0 0 0]
                 [0 0 0]
                 [0 0 0]
                 [0 0 0]
                 [0 0 0]
                 [0 0 0]
                 [0 0 0]
                 [0 0 0]
                 [0 0 0]
                 [0 0 0]
                 [0 0 0]
                 [0 0 0]
                 [0 0 0]
                 [0 0 0]
                 [0 0 0]
                 [0 0 0]
                 [0 0 0]
                 [0 0 0]
                 [0 0 0]
                 [0 0 0]
                 [0 0 0]
                 [0 0 0]
                 [0 0 0]
                 [0 0 0]
                 [0 0 0]
                 [0 0 0]
                 [0 0 0]
                 [0 0 0]
                 [0 0 0]
                 [0 0 0]]
             [[0 0 0]
                 [0 0 0]
                 [0 0 0]
                 [0 0 0]
                 [0 0 0]
                 [0 0 0]
                 [0 0 0]
                 [0 0 0]
                 [0 0 0]
                 [0 0 0]
                 [0 0 0]
                 [0 0 0]
                 [0 0 0]
                 [0 0 0]
                 [0 0 0]
                 [0 0 0]
                 [0 0 0]
                 [0 0 0]
                 [0 0 0]
                 [0 0 0]
                 [0 0 0]
                 [0 0 0]
                 [0 0 0]
                 [0 0 0]
                 [0 0 0]
                 [0 0 0]
                 [0 0 0]
                 [0 0 0]
                 [0 0 0]
                 [0 0 0]
                 [0 0 0]
                 [0 0 0]
                 [0 0 0]
                 [0 0 0]
                 [0 0 0]
                 [0 0 0]
                 [0 0 0]
                 [0 0 0]
                 [0 0 0]
                 [0 0 0]
                 [0 0 0]
                 [0 0 0]
                 [0 0 0]
                 [0 0 0]
                 [0 0 0]
                 [0 0 0]
                 [0 0 0]
                 [0 0 0]
                 [0 0 0]
                 [0 0 0]
                 [0 0 0]
                 [0 0 0]
                 [0 0 0]
                 [0 0 0]
                 [0 0 0]
                 [0 0 0]
                 [0 0 0]
                 [0 0 0]
                 [0 0 0]
                 [0 0 0]
                 [0 0 0]]
             [[0 0 0]
                 [0 0 0]
                 [0 0 0]
                 [0 0 0]
                 [0 0 0]
                 [0 0 0]
                 [0 0 0]
                 [0 0 0]
                 [0 0 0]
                 [0 0 0]
                 [0 0 0]
                 [0 0 0]
                 [0 0 0]
                 [0 0 0]
                 [0 0 0]
                 [0 0 0]
                 [0 0 0]
                 [0 0 0]
                 [0 0 0]
                 [0 0 0]
                 [0 0 0]
                 [0 0 0]
                 [0 0 0]
                 [0 0 0]
                 [0 0 0]
                 [0 0 0]
                 [0 0 0]
                 [0 0 0]
                 [0 0 0]
                 [0 0 0]
                 [0 0 0]
                 [0 0 0]
                 [0 0 0]
                 [0 0 0]
                 [0 0 0]
                 [0 0 0]
                 [0 0 0]
                 [0 0 0]
                 [0 0 0]
                 [0 0 0]
                 [0 0 0]
                 [0 0 0]
                 [0 0 0]
                 [0 0 0]
                 [0 0 0]
                 [0 0 0]
                 [0 0 0]
                 [0 0 0]
                 [0 0 0]
                 [0 0 0]
                 [0 0 0]
                 [0 0 0]
                 [0 0 0]
                 [0 0 0]
                 [0 0 0]
                 [0 0 0]
                 [0 0 0]
                 [0 0 0]
                 [0 0 0]
                 [0 0 0]
                 [0 0 0]]
             [[0 0 0]
                 [0 0 0]
                 [0 0 0]
                 [0 0 0]
                 [0 0 0]
                 [0 0 0]
                 [0 0 0]
                 [0 0 0]
                 [0 0 0]
                 [0 0 0]
                 [0 0 0]
                 [0 0 0]
                 [0 0 0]
                 [0 0 0]
                 [0 0 0]
                 [0 0 0]
                 [0 0 0]
                 [0 0 0]
                 [0 0 0]
                 [0 0 0]
                 [0 0 0]
                 [0 0 0]
                 [0 0 0]
                 [0 0 0]
                 [0 0 0]
                 [0 0 0]
                 [0 0 0]
                 [0 0 0]
                 [0 0 0]
                 [0 0 0]
                 [0 0 0]
                 [0 0 0]
                 [0 0 0]
                 [0 0 0]
                 [0 0 0]
                 [0 0 0]
                 [0 0 0]
                 [0 0 0]
                 [0 0 0]
                 [0 0 0]
                 [0 0 0]
                 [0 0 0]
                 [0 0 0]
                 [0 0 0]
                 [0 0 0]
                 [0 0 0]
                 [0 0 0]
                 [0 0 0]
                 [0 0 0]
                 [0 0 0]
                 [0 0 0]
                 [0 0 0]
                 [0 0 0]
                 [0 0 0]
                 [0 0 0]
                 [0 0 0]
                 [0 0 0]
                 [0 0 0]
                 [0 0 0]
                 [0 0 0]
                 [0 0 0]]
             [[0 0 0]
                 [0 0 0]
                 [0 0 0]
                 [0 0 0]
                 [0 0 0]
                 [0 0 0]
                 [0 0 1]
                 [0 0 0]
                 [0 0 0]
                 [0 0 0]
                 [0 0 0]
                 [0 0 0]
                 [0 0 0]
                 [0 0 0]
                 [0 0 0]
                 [0 0 0]
                 [0 0 0]
                 [0 0 0]
                 [0 0 0]
                 [0 0 0]
                 [0 0 0]
                 [0 0 0]
                 [0 0 0]
                 [0 0 0]
                 [0 0 0]
                 [0 0 0]
                 [0 0 0]
                 [0 0 0]
                 [0 0 0]
                 [0 0 0]
                 [0 0 0]
                 [0 0 0]
                 [0 0 0]
                 [0 0 0]
                 [0 0 0]
                 [0 0 0]
                 [0 0 0]
                 [0 0 0]
                 [0 0 0]
                 [0 0 0]
                 [0 0 0]
                 [0 0 0]
                 [0 0 0]
                 [0 0 0]
                 [0 0 0]
                 [0 0 0]
                 [0 0 0]
                 [0 0 0]
                 [0 0 0]
                 [0 0 0]
                 [0 0 0]
                 [0 0 0]
                 [0 0 0]
                 [0 0 0]
                 [0 0 0]
                 [0 0 0]
                 [0 0 0]
                 [0 0 0]
                 [0 0 0]
                 [0 0 0]
                 [0 0 0]]
             [[0 0 0]
                 [0 0 0]
                 [0 0 0]
                 [0 0 0]
                 [0 0 0]
                 [0 0 0]
                 [0 0 0]
                 [0 0 0]
                 [0 0 0]
                 [0 0 0]
                 [0 0 0]
                 [0 0 0]
                 [0 0 0]
                 [0 0 0]
                 [0 0 0]
                 [0 0 0]
                 [0 0 0]
                 [0 0 0]
                 [0 0 0]
                 [0 0 0]
                 [0 0 0]
                 [0 0 0]
                 [0 0 0]
                 [0 0 0]
                 [0 0 0]
                 [0 0 0]
                 [0 0 0]
                 [0 0 0]
                 [0 0 0]
                 [0 0 0]
                 [0 0 0]
                 [0 0 0]
                 [0 0 0]
                 [0 0 0]
                 [0 0 0]
                 [0 0 0]
                 [0 0 0]
                 [0 0 0]
                 [0 0 0]
                 [0 0 0]
                 [0 0 0]
                 [0 0 0]
                 [0 0 0]
                 [0 0 0]
                 [0 0 0]
                 [0 0 0]
                 [0 0 0]
                 [0 0 0]
                 [0 0 0]
                 [0 0 0]
                 [0 0 0]
                 [0 0 0]
                 [0 0 0]
                 [0 0 0]
                 [0 0 0]
                 [0 0 0]
                 [0 0 0]
                 [0 0 0]
                 [0 0 0]
                 [0 0 0]
                 [0 0 0]]
             [[0 0 0]
                 [0 0 0]
                 [0 0 0]
                 [0 0 0]
                 [0 0 0]
                 [0 0 0]
                 [0 0 0]
                 [0 0 0]
                 [0 0 0]
                 [0 0 0]
                 [0 0 0]
                 [0 0 0]
                 [0 0 0]
                 [0 0 0]
                 [0 0 0]
                 [0 0 0]
                 [0 0 0]
                 [0 0 0]
                 [0 0 0]
                 [0 0 0]
                 [0 0 0]
                 [0 0 0]
                 [0 0 0]
                 [0 0 0]
                 [0 0 0]
                 [0 0 0]
                 [0 0 0]
                 [0 0 0]
                 [0 0 0]
                 [0 0 0]
                 [0 0 0]
                 [0 0 0]
                 [0 0 0]
                 [0 0 0]
                 [0 0 0]
                 [0 0 0]
                 [0 0 0]
                 [0 0 0]
                 [0 0 0]
                 [0 0 0]
                 [0 0 0]
                 [0 0 0]
                 [0 0 0]
                 [0 0 0]
                 [0 0 0]
                 [0 0 0]
                 [0 0 0]
                 [0 0 0]
                 [0 0 0]
                 [0 0 0]
                 [0 0 0]
                 [0 0 0]
                 [0 0 0]
                 [0 0 0]
                 [0 0 0]
                 [0 0 0]
                 [0 0 0]
                 [0 0 0]
                 [0 0 0]
                 [0 0 0]
                 [0 0 0]]
             [[0 0 0]
                 [0 0 0]
                 [0 0 0]
                 [0 0 0]
                 [0 0 0]
                 [0 0 0]
                 [0 0 0]
                 [0 0 0]
                 [0 0 0]
                 [0 0 0]
                 [0 0 0]
                 [0 0 0]
                 [0 0 0]
                 [0 0 0]
                 [0 0 0]
                 [0 0 0]
                 [0 0 0]
                 [0 0 0]
                 [0 0 0]
                 [0 0 0]
                 [0 0 0]
                 [0 0 0]
                 [0 0 0]
                 [0 0 0]
                 [0 0 0]
                 [0 0 0]
                 [0 0 0]
                 [0 0 0]
                 [0 0 0]
                 [0 0 0]
                 [0 0 0]
                 [0 0 0]
                 [0 0 0]
                 [0 0 0]
                 [0 0 0]
                 [0 0 0]
                 [0 0 0]
                 [0 0 0]
                 [0 0 0]
                 [0 0 0]
                 [0 0 0]
                 [0 0 0]
                 [0 0 0]
                 [0 0 0]
                 [0 0 0]
                 [0 0 0]
                 [0 0 0]
                 [0 0 0]
                 [0 0 0]
                 [0 0 0]
                 [0 0 0]
                 [0 0 0]
                 [0 0 0]
                 [0 0 0]
                 [0 0 0]
                 [0 0 0]
                 [0 0 0]
                 [0 0 0]
                 [0 0 0]
                 [0 0 0]
                 [0 0 0]]
             [[0 0 0]
                 [0 0 0]
                 [0 0 0]
                 [0 0 0]
                 [0 0 0]
                 [0 0 0]
                 [0 0 0]
                 [0 0 0]
                 [0 0 0]
                 [0 0 0]
                 [0 0 0]
                 [0 0 0]
                 [0 0 0]
                 [0 0 0]
                 [0 0 0]
                 [0 0 0]
                 [0 0 0]
                 [0 0 0]
                 [0 0 0]
                 [0 0 0]
                 [0 0 0]
                 [0 0 0]
                 [0 0 0]
                 [0 0 0]
                 [0 0 0]
                 [0 0 0]
                 [0 0 0]
                 [0 0 0]
                 [0 0 0]
                 [0 0 0]
                 [0 0 0]
                 [0 0 0]
                 [0 0 0]
                 [0 0 0]
                 [0 0 0]
                 [0 0 0]
                 [0 0 0]
                 [0 0 0]
                 [0 0 0]
                 [0 0 0]
                 [0 0 0]
                 [0 0 0]
                 [0 0 0]
                 [0 0 0]
                 [0 0 0]
                 [0 0 0]
                 [0 0 0]
                 [0 0 0]
                 [0 0 0]
                 [0 0 0]
                 [0 0 0]
                 [0 0 0]
                 [0 0 0]
                 [0 0 0]
                 [0 0 0]
                 [0 0 0]
                 [0 0 0]
                 [0 0 0]
                 [0 0 0]
                 [0 0 0]
                 [0 0 0]]
             [[0 0 0]
                 [0 0 0]
                 [0 0 0]
                 [0 0 0]
                 [0 0 0]
                 [0 0 0]
                 [0 0 0]
                 [0 0 0]
                 [0 0 0]
                 [0 0 0]
                 [0 0 0]
                 [0 0 0]
                 [0 0 0]
                 [0 0 0]
                 [0 0 0]
                 [0 0 0]
                 [0 0 0]
                 [0 0 0]
                 [0 0 0]
                 [0 0 0]
                 [0 0 0]
                 [0 0 0]
                 [0 0 0]
                 [0 0 0]
                 [0 0 0]
                 [0 0 0]
                 [0 0 0]
                 [0 0 0]
                 [0 0 0]
                 [0 0 0]
                 [0 0 0]
                 [0 0 0]
                 [0 0 0]
                 [0 0 0]
                 [0 0 0]
                 [0 0 0]
                 [0 0 0]
                 [0 0 0]
                 [0 0 0]
                 [0 0 0]
                 [0 0 0]
                 [0 0 0]
                 [0 0 0]
                 [0 0 0]
                 [0 0 0]
                 [0 0 0]
                 [0 0 0]
                 [0 0 0]
                 [0 0 0]
                 [0 0 0]
                 [0 0 0]
                 [0 0 0]
                 [0 0 0]
                 [0 0 0]
                 [0 0 0]
                 [0 0 0]
                 [0 0 0]
                 [0 0 0]
                 [0 0 0]
                 [0 0 0]
                 [0 0 0]]
             [[0 0 0]
                 [0 0 0]
                 [0 0 0]
                 [0 0 0]
                 [0 0 0]
                 [0 0 0]
                 [0 0 0]
                 [0 0 0]
                 [0 0 0]
                 [0 0 0]
                 [0 0 0]
                 [0 0 0]
                 [0 0 0]
                 [0 0 0]
                 [0 0 0]
                 [0 0 0]
                 [0 0 0]
                 [0 0 0]
                 [0 0 0]
                 [0 0 0]
                 [0 0 0]
                 [0 0 0]
                 [0 0 0]
                 [0 0 0]
                 [0 0 0]
                 [0 0 0]
                 [0 0 0]
                 [0 0 0]
                 [0 0 0]
                 [0 0 0]
                 [0 0 0]
                 [0 0 0]
                 [0 0 0]
                 [0 0 0]
                 [0 0 0]
                 [0 0 0]
                 [0 0 0]
                 [0 0 0]
                 [0 0 0]
                 [0 0 0]
                 [0 0 0]
                 [0 0 0]
                 [0 0 0]
                 [0 0 0]
                 [0 0 0]
                 [0 0 0]
                 [0 0 0]
                 [0 0 0]
                 [0 0 0]
                 [0 0 0]
                 [0 0 0]
                 [0 0 0]
                 [0 0 0]
                 [0 0 0]
                 [0 0 0]
                 [0 0 0]
                 [0 0 0]
                 [0 0 0]
                 [0 0 0]
                 [0 0 0]
                 [0 0 0]]
             [[0 0 0]
                 [0 0 0]
                 [0 0 0]
                 [0 0 0]
                 [0 0 0]
                 [0 0 0]
                 [0 0 0]
                 [0 0 0]
                 [0 0 0]
                 [0 0 0]
                 [0 0 0]
                 [0 0 0]
                 [0 0 0]
                 [0 0 0]
                 [0 0 0]
                 [0 0 0]
                 [0 0 0]
                 [0 0 0]
                 [0 0 0]
                 [0 0 0]
                 [0 0 0]
                 [0 0 0]
                 [0 0 0]
                 [0 0 0]
                 [0 0 0]
                 [0 0 0]
                 [0 0 0]
                 [0 0 0]
                 [0 0 0]
                 [0 0 0]
                 [0 0 0]
                 [0 0 0]
                 [0 0 0]
                 [0 0 0]
                 [0 0 0]
                 [0 0 0]
                 [0 0 0]
                 [0 0 0]
                 [0 0 0]
                 [0 0 0]
                 [0 0 0]
                 [0 0 0]
                 [0 0 0]
                 [1 0 0]
                 [0 0 0]
                 [0 0 0]
                 [0 0 0]
                 [0 0 0]
                 [0 0 0]
                 [0 0 0]
                 [0 0 0]
                 [0 0 0]
                 [0 0 0]
                 [0 0 0]
                 [0 0 0]
                 [0 0 0]
                 [0 0 0]
                 [0 0 0]
                 [0 0 0]
                 [0 0 0]
                 [0 0 0]]
             [[0 0 0]
                 [0 0 0]
                 [0 0 0]
                 [0 0 0]
                 [0 0 0]
                 [0 0 0]
                 [0 0 0]
                 [0 0 0]
                 [0 0 0]
                 [0 0 0]
                 [0 0 0]
                 [0 0 0]
                 [0 0 0]
                 [0 0 0]
                 [0 0 0]
                 [0 0 0]
                 [0 0 0]
                 [0 0 0]
                 [0 0 0]
                 [0 0 0]
                 [0 0 0]
                 [0 0 0]
                 [0 0 0]
                 [0 0 0]
                 [0 0 0]
                 [0 0 0]
                 [0 0 0]
                 [0 0 0]
                 [0 0 0]
                 [0 0 0]
                 [0 0 0]
                 [0 0 0]
                 [0 0 0]
                 [0 0 0]
                 [0 0 0]
                 [0 0 0]
                 [0 0 0]
                 [0 0 0]
                 [0 0 0]
                 [0 0 0]
                 [0 0 0]
                 [0 0 0]
                 [0 0 0]
                 [0 0 0]
                 [0 0 0]
                 [0 0 0]
                 [0 0 0]
                 [0 0 0]
                 [0 0 0]
                 [0 0 0]
                 [0 0 0]
                 [0 0 0]
                 [0 0 0]
                 [0 0 0]
                 [0 0 0]
                 [0 0 0]
                 [0 0 0]
                 [0 0 0]
                 [0 0 0]
                 [0 0 0]
                 [0 0 0]]
             [[0 0 0]
                 [0 0 0]
                 [0 0 0]
                 [0 0 0]
                 [0 0 0]
                 [0 0 0]
                 [0 0 0]
                 [0 0 0]
                 [0 0 0]
                 [0 0 0]
                 [0 0 0]
                 [0 0 0]
                 [0 0 0]
                 [0 0 0]
                 [0 0 0]
                 [0 0 0]
                 [0 0 0]
                 [0 0 0]
                 [0 0 0]
                 [0 0 0]
                 [0 0 0]
                 [0 0 0]
                 [0 0 0]
                 [0 0 0]
                 [0 0 0]
                 [0 0 0]
                 [0 0 0]
                 [0 0 0]
                 [0 0 0]
                 [0 0 0]
                 [0 0 0]
                 [0 0 0]
                 [0 0 0]
                 [0 0 0]
                 [0 0 0]
                 [0 0 0]
                 [0 0 0]
                 [0 0 0]
                 [0 0 0]
                 [0 0 0]
                 [0 0 0]
                 [0 0 0]
                 [0 0 0]
                 [0 0 0]
                 [0 0 0]
                 [0 0 0]
                 [0 0 0]
                 [0 0 0]
                 [0 0 0]
                 [0 0 0]
                 [0 0 0]
                 [0 0 0]
                 [0 0 0]
                 [0 0 0]
                 [0 0 0]
                 [0 0 0]
                 [0 0 0]
                 [0 0 0]
                 [1 0 0]
                 [0 0 0]
                 [0 0 0]]
             [[0 0 0]
                 [0 0 0]
                 [0 0 0]
                 [0 0 0]
                 [0 0 0]
                 [0 0 0]
                 [0 0 0]
                 [0 0 0]
                 [0 0 0]
                 [0 0 0]
                 [0 0 0]
                 [0 0 0]
                 [0 0 0]
                 [0 0 0]
                 [0 0 0]
                 [0 0 0]
                 [0 0 0]
                 [0 0 0]
                 [0 0 0]
                 [0 0 0]
                 [0 0 0]
                 [0 0 0]
                 [0 0 0]
                 [0 0 0]
                 [0 0 0]
                 [0 0 0]
                 [0 0 0]
                 [0 0 0]
                 [0 0 0]
                 [0 0 0]
                 [0 0 0]
                 [0 0 0]
                 [0 0 0]
                 [0 0 0]
                 [0 0 0]
                 [0 0 0]
                 [0 0 0]
                 [0 0 0]
                 [0 0 0]
                 [0 0 0]
                 [0 0 0]
                 [0 0 0]
                 [0 0 0]
                 [0 0 0]
                 [0 0 0]
                 [0 0 0]
                 [0 0 0]
                 [0 0 0]
                 [0 0 0]
                 [0 0 0]
                 [0 0 0]
                 [0 0 0]
                 [0 0 0]
                 [0 0 0]
                 [0 0 0]
                 [0 0 0]
                 [0 0 0]
                 [0 0 0]
                 [0 0 0]
                 [0 0 0]
                 [0 0 0]]
             [[0 0 0]
                 [0 0 0]
                 [0 0 0]
                 [0 0 0]
                 [0 0 0]
                 [0 0 0]
                 [0 0 0]
                 [0 0 0]
                 [0 0 0]
                 [0 0 0]
                 [0 0 0]
                 [0 0 0]
                 [0 0 0]
                 [0 0 0]
                 [0 0 0]
                 [0 0 0]
                 [0 0 0]
                 [0 0 0]
                 [0 0 0]
                 [0 0 0]
                 [0 0 0]
                 [0 0 0]
                 [0 0 0]
                 [0 0 0]
                 [0 0 0]
                 [0 0 0]
                 [0 0 0]
                 [0 0 0]
                 [0 0 0]
                 [0 0 0]
                 [0 0 0]
                 [0 0 0]
                 [0 0 0]
                 [0 0 0]
                 [0 0 0]
                 [0 0 0]
                 [0 0 0]
                 [0 0 0]
                 [0 0 0]
                 [0 0 0]
                 [0 0 0]
                 [0 0 0]
                 [0 0 0]
                 [0 0 0]
                 [0 0 0]
                 [0 0 0]
                 [0 0 0]
                 [0 0 0]
                 [0 0 0]
                 [0 0 0]
                 [0 0 0]
                 [0 0 0]
                 [0 0 0]
                 [0 0 0]
                 [0 0 0]
                 [0 0 0]
                 [0 0 0]
                 [0 0 0]
                 [0 0 0]
                 [0 0 0]
                 [0 0 0]]
             [[0 0 0]
                 [0 0 0]
                 [0 0 0]
                 [0 0 0]
                 [0 0 0]
                 [0 0 0]
                 [0 0 0]
                 [0 0 0]
                 [0 0 0]
                 [0 0 0]
                 [0 0 0]
                 [0 0 0]
                 [0 0 0]
                 [0 0 0]
                 [0 0 0]
                 [0 0 0]
                 [0 0 0]
                 [0 0 0]
                 [0 0 0]
                 [0 0 0]
                 [0 0 0]
                 [0 0 0]
                 [0 0 0]
                 [0 0 0]
                 [0 0 0]
                 [0 0 0]
                 [0 0 0]
                 [0 0 0]
                 [0 0 0]
                 [0 0 0]
                 [0 0 0]
                 [0 0 0]
                 [0 0 0]
                 [0 0 0]
                 [0 0 0]
                 [0 0 0]
                 [0 0 0]
                 [0 0 0]
                 [0 0 0]
                 [0 0 0]
                 [0 0 0]
                 [0 0 0]
                 [0 0 0]
                 [0 0 0]
                 [0 0 0]
                 [0 0 0]
                 [0 0 0]
                 [0 0 0]
                 [0 0 0]
                 [0 0 0]
                 [0 0 0]
                 [0 0 0]
                 [0 0 0]
                 [0 0 0]
                 [0 0 0]
                 [0 0 0]
                 [0 0 0]
                 [0 0 0]
                 [0 0 0]
                 [0 0 0]
                 [0 0 0]]
             [[0 0 0]
                 [0 0 0]
                 [0 0 0]
                 [0 0 0]
                 [0 0 0]
                 [0 0 0]
                 [0 0 0]
                 [0 0 0]
                 [0 0 0]
                 [0 0 0]
                 [0 0 0]
                 [0 0 0]
                 [0 0 0]
                 [0 0 0]
                 [0 0 0]
                 [0 0 0]
                 [0 0 0]
                 [0 0 0]
                 [0 0 0]
                 [0 0 0]
                 [0 0 0]
                 [0 0 0]
                 [0 0 0]
                 [0 0 0]
                 [0 0 0]
                 [0 0 0]
                 [0 0 0]
                 [0 0 0]
                 [0 0 0]
                 [0 0 0]
                 [0 0 0]
                 [0 0 0]
                 [0 0 0]
                 [0 0 0]
                 [0 0 0]
                 [0 0 0]
                 [0 0 0]
                 [0 0 0]
                 [0 0 0]
                 [0 0 0]
                 [0 0 0]
                 [0 0 0]
                 [0 0 0]
                 [0 0 0]
                 [0 0 0]
                 [0 0 0]
                 [0 0 0]
                 [0 0 0]
                 [0 0 0]
                 [0 0 0]
                 [0 0 0]
                 [0 0 0]
                 [0 0 0]
                 [0 0 0]
                 [0 0 0]
                 [0 0 0]
                 [0 0 0]
                 [0 0 0]
                 [0 0 0]
                 [0 0 0]
                 [0 0 0]]
             [[0 0 0]
                 [0 0 0]
                 [0 0 0]
                 [0 0 0]
                 [0 0 0]
                 [0 0 0]
                 [0 0 0]
                 [0 0 0]
                 [0 0 0]
                 [0 0 0]
                 [0 0 0]
                 [0 0 0]
                 [0 0 0]
                 [0 0 0]
                 [0 0 0]
                 [0 0 0]
                 [0 0 0]
                 [0 0 0]
                 [0 0 0]
                 [0 0 0]
                 [0 0 0]
                 [0 0 0]
                 [0 0 0]
                 [0 0 0]
                 [0 0 0]
                 [0 0 0]
                 [0 0 0]
                 [0 0 0]
                 [0 0 0]
                 [0 0 0]
                 [0 0 0]
                 [0 0 0]
                 [0 0 0]
                 [0 0 0]
                 [0 0 0]
                 [0 0 0]
                 [0 0 0]
                 [0 0 0]
                 [0 0 0]
                 [0 0 0]
                 [0 0 0]
                 [0 0 0]
                 [0 0 0]
                 [0 0 0]
                 [0 0 0]
                 [0 0 0]
                 [0 0 0]
                 [0 0 0]
                 [0 0 0]
                 [0 0 0]
                 [0 0 0]
                 [0 0 0]
                 [0 0 0]
                 [0 0 0]
                 [0 0 0]
                 [0 0 0]
                 [0 0 0]
                 [0 0 0]
                 [0 0 0]
                 [0 0 0]
                 [0 0 0]]
             [[0 0 0]
                 [0 0 0]
                 [0 0 0]
                 [0 0 0]
                 [0 0 0]
                 [0 0 0]
                 [0 0 0]
                 [0 0 0]
                 [0 0 0]
                 [0 0 0]
                 [0 0 0]
                 [0 0 0]
                 [0 0 0]
                 [0 0 0]
                 [0 0 0]
                 [0 0 0]
                 [0 0 0]
                 [0 0 0]
                 [0 0 0]
                 [0 0 0]
                 [0 0 0]
                 [0 0 0]
                 [0 0 0]
                 [0 0 0]
                 [0 0 0]
                 [0 0 0]
                 [0 0 0]
                 [0 0 0]
                 [0 0 0]
                 [0 0 0]
                 [0 0 0]
                 [0 0 0]
                 [0 0 0]
                 [0 0 0]
                 [0 0 0]
                 [0 0 0]
                 [0 0 0]
                 [0 0 0]
                 [0 0 0]
                 [0 0 0]
                 [0 0 0]
                 [0 0 0]
                 [0 0 0]
                 [0 0 0]
                 [0 0 0]
                 [0 0 0]
                 [0 0 0]
                 [0 0 0]
                 [0 0 0]
                 [0 0 0]
                 [0 0 0]
                 [0 0 0]
                 [0 0 0]
                 [0 0 0]
                 [0 0 0]
                 [0 0 0]
                 [0 0 0]
                 [0 0 0]
                 [0 0 0]
                 [0 0 0]
                 [0 0 0]]
             [[0 0 0]
                 [0 0 0]
                 [0 0 0]
                 [0 0 0]
                 [0 0 0]
                 [0 0 0]
                 [0 0 0]
                 [0 0 0]
                 [0 0 0]
                 [0 0 0]
                 [0 0 0]
                 [0 0 0]
                 [0 0 0]
                 [0 0 0]
                 [0 0 0]
                 [0 0 0]
                 [0 0 0]
                 [0 0 0]
                 [0 0 0]
                 [0 0 0]
                 [0 0 0]
                 [0 0 0]
                 [0 0 0]
                 [0 0 0]
                 [0 0 0]
                 [0 0 0]
                 [0 0 0]
                 [0 0 0]
                 [0 0 0]
                 [0 0 0]
                 [0 0 0]
                 [0 0 0]
                 [0 0 0]
                 [0 0 0]
                 [0 0 0]
                 [0 0 0]
                 [0 0 0]
                 [0 0 0]
                 [0 0 0]
                 [0 0 0]
                 [0 0 0]
                 [0 0 0]
                 [0 0 0]
                 [0 0 0]
                 [0 0 0]
                 [0 0 0]
                 [0 0 0]
                 [0 0 0]
                 [0 0 0]
                 [0 0 0]
                 [0 0 0]
                 [0 0 0]
                 [0 0 0]
                 [0 0 0]
                 [0 0 0]
                 [0 0 0]
                 [0 0 0]
                 [0 0 0]
                 [0 0 0]
                 [0 0 0]
                 [0 0 0]]
             [[0 0 0]
                 [0 0 0]
                 [0 0 0]
                 [0 0 0]
                 [0 0 0]
                 [0 0 0]
                 [0 0 0]
                 [0 0 0]
                 [0 0 0]
                 [0 0 0]
                 [0 0 0]
                 [0 0 0]
                 [0 0 0]
                 [0 0 0]
                 [0 0 0]
                 [0 0 0]
                 [0 0 0]
                 [0 0 0]
                 [0 0 0]
                 [0 0 0]
                 [0 0 0]
                 [0 0 0]
                 [0 0 0]
                 [0 0 0]
                 [0 0 0]
                 [0 0 0]
                 [0 0 0]
                 [0 0 0]
                 [0 0 0]
                 [0 0 0]
                 [0 0 0]
                 [0 0 0]
                 [0 0 0]
                 [0 0 0]
                 [0 0 0]
                 [0 0 0]
                 [0 0 0]
                 [0 0 0]
                 [0 0 0]
                 [0 0 0]
                 [0 0 0]
                 [0 0 0]
                 [0 0 0]
                 [0 0 0]
                 [0 0 0]
                 [0 0 0]
                 [0 0 0]
                 [0 0 0]
                 [0 0 0]
                 [0 0 0]
                 [0 0 0]
                 [0 0 0]
                 [0 0 0]
                 [0 0 0]
                 [0 0 0]
                 [0 0 0]
                 [0 0 0]
                 [0 0 0]
                 [0 0 0]
                 [0 0 0]
                 [0 0 0]]
             [[0 0 0]
                 [0 0 0]
                 [0 0 0]
                 [0 0 0]
                 [0 0 0]
                 [0 0 0]
                 [0 0 0]
                 [0 0 0]
                 [0 0 0]
                 [0 0 0]
                 [0 0 0]
                 [0 0 0]
                 [0 0 0]
                 [0 0 0]
                 [0 1 0]
                 [0 0 0]
                 [0 0 0]
                 [0 0 0]
                 [0 0 0]
                 [0 0 0]
                 [0 0 0]
                 [0 0 0]
                 [0 0 0]
                 [0 0 0]
                 [0 0 0]
                 [0 0 0]
                 [0 0 0]
                 [0 0 0]
                 [0 0 0]
                 [0 0 0]
                 [0 0 0]
                 [0 0 0]
                 [0 0 0]
                 [0 0 0]
                 [0 0 0]
                 [0 0 0]
                 [0 0 0]
                 [0 0 0]
                 [0 0 0]
                 [0 0 0]
                 [0 0 0]
                 [0 0 0]
                 [0 0 0]
                 [0 0 0]
                 [0 0 0]
                 [0 0 0]
                 [0 0 0]
                 [0 0 0]
                 [0 0 0]
                 [0 0 0]
                 [0 0 0]
                 [0 0 0]
                 [0 0 0]
                 [0 0 0]
                 [0 0 0]
                 [0 0 0]
                 [0 0 0]
                 [0 0 0]
                 [0 0 0]
                 [0 0 0]
                 [0 0 0]]
             [[0 0 0]
                 [0 0 0]
                 [0 0 0]
                 [0 0 0]
                 [0 0 0]
                 [0 0 0]
                 [0 0 0]
                 [0 0 0]
                 [0 0 0]
                 [0 0 0]
                 [0 0 0]
                 [0 0 0]
                 [0 0 0]
                 [0 0 0]
                 [0 0 0]
                 [0 0 0]
                 [0 0 0]
                 [0 0 0]
                 [0 0 0]
                 [0 0 0]
                 [0 0 0]
                 [0 0 0]
                 [0 0 0]
                 [0 0 0]
                 [0 0 0]
                 [0 0 0]
                 [0 0 0]
                 [0 0 0]
                 [0 0 0]
                 [0 0 0]
                 [0 0 0]
                 [0 0 0]
                 [0 0 0]
                 [0 0 0]
                 [0 0 0]
                 [0 0 0]
                 [0 0 0]
                 [0 0 0]
                 [0 0 0]
                 [0 0 0]
                 [0 0 0]
                 [0 0 0]
                 [0 0 0]
                 [0 0 0]
                 [0 0 0]
                 [0 0 0]
                 [0 0 0]
                 [0 0 0]
                 [0 0 0]
                 [0 0 0]
                 [0 0 0]
                 [0 0 0]
                 [0 0 0]
                 [0 0 0]
                 [0 0 0]
                 [0 0 0]
                 [0 0 0]
                 [0 0 0]
                 [0 0 0]
                 [0 0 0]
                 [0 0 0]]
             [[0 0 0]
                 [0 0 0]
                 [0 0 0]
                 [0 0 0]
                 [0 0 0]
                 [0 0 0]
                 [0 0 0]
                 [0 0 0]
                 [0 0 0]
                 [0 0 0]
                 [0 0 0]
                 [0 0 0]
                 [0 0 0]
                 [0 0 0]
                 [0 0 0]
                 [0 0 0]
                 [0 0 0]
                 [0 0 0]
                 [0 0 0]
                 [0 0 0]
                 [0 0 0]
                 [0 0 0]
                 [0 0 0]
                 [0 0 0]
                 [0 0 0]
                 [0 0 0]
                 [0 0 0]
                 [0 0 0]
                 [0 0 0]
                 [0 0 0]
                 [0 0 0]
                 [0 0 0]
                 [0 0 0]
                 [0 0 0]
                 [0 0 0]
                 [0 0 0]
                 [0 0 0]
                 [0 0 0]
                 [0 0 0]
                 [0 0 0]
                 [0 0 0]
                 [0 0 0]
                 [0 0 0]
                 [0 0 0]
                 [0 0 0]
                 [0 0 0]
                 [0 0 0]
                 [0 0 0]
                 [0 0 0]
                 [0 0 0]
                 [0 0 0]
                 [0 0 0]
                 [0 0 0]
                 [0 0 0]
                 [0 0 0]
                 [0 0 0]
                 [0 0 0]
                 [0 0 0]
                 [0 0 0]
                 [0 0 0]
                 [0 0 0]]
             [[0 0 0]
                 [0 0 0]
                 [0 0 0]
                 [0 0 0]
                 [0 0 0]
                 [0 0 0]
                 [0 0 0]
                 [0 0 0]
                 [0 0 0]
                 [0 0 0]
                 [0 0 0]
                 [0 0 0]
                 [0 0 0]
                 [0 0 0]
                 [0 0 0]
                 [0 0 0]
                 [0 0 0]
                 [0 0 0]
                 [0 0 0]
                 [0 0 0]
                 [0 0 0]
                 [0 0 0]
                 [0 0 0]
                 [0 0 0]
                 [0 0 0]
                 [0 0 0]
                 [0 0 0]
                 [0 0 0]
                 [0 0 0]
                 [0 0 0]
                 [0 0 0]
                 [0 0 0]
                 [0 0 0]
                 [0 0 0]
                 [0 0 0]
                 [0 0 0]
                 [0 0 0]
                 [0 0 0]
                 [0 0 0]
                 [0 0 0]
                 [0 0 0]
                 [0 0 0]
                 [0 0 0]
                 [0 0 0]
                 [0 0 0]
                 [0 0 0]
                 [0 0 0]
                 [0 0 0]
                 [0 0 0]
                 [0 0 0]
                 [0 0 0]
                 [0 0 0]
                 [0 0 0]
                 [0 0 0]
                 [0 0 0]
                 [0 0 0]
                 [0 0 0]
                 [0 0 0]
                 [0 0 0]
                 [0 0 0]
                 [0 0 0]]
             [[0 0 0]
                 [0 0 0]
                 [0 0 0]
                 [0 0 0]
                 [0 0 0]
                 [0 0 0]
                 [0 0 0]
                 [0 0 0]
                 [0 0 0]
                 [0 0 0]
                 [0 0 0]
                 [0 0 0]
                 [0 0 0]
                 [0 0 0]
                 [0 0 0]
                 [0 0 0]
                 [0 0 0]
                 [0 0 0]
                 [0 0 0]
                 [0 0 0]
                 [0 0 0]
                 [0 0 0]
                 [0 0 0]
                 [0 0 0]
                 [0 0 0]
                 [0 0 0]
                 [0 0 0]
                 [0 0 0]
                 [0 0 0]
                 [0 0 0]
                 [0 0 0]
                 [0 0 0]
                 [0 0 0]
                 [0 0 0]
                 [0 0 0]
                 [0 0 0]
                 [0 0 0]
                 [0 0 0]
                 [0 0 0]
                 [0 0 0]
                 [0 0 0]
                 [0 0 0]
                 [0 0 0]
                 [0 0 0]
                 [0 0 0]
                 [0 0 0]
                 [0 0 0]
                 [0 0 0]
                 [0 0 0]
                 [0 0 0]
                 [0 0 0]
                 [0 0 0]
                 [0 0 0]
                 [0 0 0]
                 [0 0 0]
                 [0 0 0]
                 [0 0 0]
                 [0 0 0]
                 [0 0 0]
                 [0 0 0]
                 [0 0 0]]
             [[0 0 0]
                 [0 0 0]
                 [0 0 0]
                 [0 0 0]
                 [0 0 0]
                 [0 0 0]
                 [0 0 0]
                 [0 0 0]
                 [0 0 0]
                 [0 0 0]
                 [0 0 0]
                 [0 0 0]
                 [0 0 0]
                 [0 0 0]
                 [0 0 0]
                 [0 0 0]
                 [0 0 0]
                 [0 0 0]
                 [0 0 0]
                 [0 0 0]
                 [0 0 0]
                 [0 0 0]
                 [0 0 0]
                 [0 0 0]
                 [0 0 0]
                 [0 0 0]
                 [0 0 0]
                 [0 0 0]
                 [0 0 0]
                 [0 0 0]
                 [0 0 0]
                 [0 0 0]
                 [0 0 0]
                 [0 0 0]
                 [0 0 0]
                 [0 0 0]
                 [0 0 0]
                 [0 0 0]
                 [0 0 0]
                 [0 0 0]
                 [0 0 0]
                 [0 0 0]
                 [0 0 0]
                 [0 0 0]
                 [0 0 0]
                 [0 0 0]
                 [0 0 0]
                 [0 0 0]
                 [0 0 0]
                 [0 0 0]
                 [0 0 0]
                 [0 0 0]
                 [0 0 0]
                 [0 0 0]
                 [0 0 0]
                 [0 0 0]
                 [0 0 0]
                 [0 0 0]
                 [0 0 0]
                 [0 0 0]
                 [0 0 0]]
             [[0 0 0]
                 [0 0 0]
                 [0 0 0]
                 [0 0 0]
                 [0 0 0]
                 [0 0 0]
                 [0 0 0]
                 [0 0 0]
                 [0 0 0]
                 [0 0 0]
                 [0 0 0]
                 [0 0 0]
                 [0 0 0]
                 [0 0 0]
                 [0 0 0]
                 [0 0 0]
                 [0 0 0]
                 [0 0 0]
                 [0 0 0]
                 [0 0 0]
                 [0 0 0]
                 [0 0 0]
                 [0 0 0]
                 [0 0 0]
                 [0 0 0]
                 [0 0 0]
                 [0 0 0]
                 [0 0 0]
                 [1 0 0]
                 [0 0 0]
                 [0 0 0]
                 [0 0 0]
                 [0 0 0]
                 [0 0 0]
                 [0 0 0]
                 [0 0 0]
                 [0 0 0]
                 [0 0 0]
                 [0 0 0]
                 [0 0 0]
                 [0 0 0]
                 [0 0 0]
                 [0 0 0]
                 [0 0 0]
                 [0 0 0]
                 [0 0 0]
                 [0 0 0]
                 [0 0 0]
                 [0 0 0]
                 [0 0 0]
                 [0 0 0]
                 [0 0 0]
                 [0 0 0]
                 [0 0 0]
                 [0 0 0]
                 [0 0 0]
                 [0 0 0]
                 [0 0 0]
                 [0 0 0]
                 [0 0 0]
                 [0 0 0]]
             [[0 0 0]
                 [0 0 0]
                 [0 0 0]
                 [0 0 0]
                 [0 0 0]
                 [0 0 0]
                 [0 0 0]
                 [0 0 0]
                 [0 0 0]
                 [0 0 0]
                 [0 0 0]
                 [0 0 0]
                 [0 0 0]
                 [0 0 0]
                 [0 0 0]
                 [0 0 0]
                 [0 0 0]
                 [0 0 0]
                 [0 0 0]
                 [0 0 0]
                 [0 0 0]
                 [0 0 0]
                 [0 0 0]
                 [0 0 0]
                 [0 0 0]
                 [0 0 0]
                 [0 0 0]
                 [0 0 0]
                 [0 0 0]
                 [0 0 0]
                 [0 0 0]
                 [0 0 0]
                 [0 0 0]
                 [0 0 0]
                 [0 0 0]
                 [0 0 0]
                 [0 0 0]
                 [0 0 0]
                 [0 0 0]
                 [0 0 0]
                 [0 0 0]
                 [0 0 0]
                 [0 0 0]
                 [0 0 0]
                 [0 0 0]
                 [0 0 0]
                 [0 0 0]
                 [0 0 0]
                 [0 0 0]
                 [0 0 0]
                 [0 0 0]
                 [0 0 0]
                 [0 0 0]
                 [0 0 0]
                 [0 0 0]
                 [0 0 0]
                 [0 0 0]
                 [0 0 0]
                 [0 0 0]
                 [0 0 0]
                 [0 0 0]]
             [[0 0 0]
                 [0 0 0]
                 [0 0 0]
                 [0 0 0]
                 [0 0 0]
                 [0 0 0]
                 [0 0 0]
                 [0 0 0]
                 [0 0 0]
                 [0 0 0]
                 [0 0 0]
                 [0 0 0]
                 [0 0 0]
                 [0 0 0]
                 [0 0 0]
                 [0 0 0]
                 [0 0 0]
                 [0 0 0]
                 [0 0 0]
                 [0 0 0]
                 [0 0 0]
                 [0 0 0]
                 [0 0 0]
                 [0 0 0]
                 [0 0 0]
                 [0 0 0]
                 [0 0 0]
                 [0 0 0]
                 [0 0 0]
                 [0 0 0]
                 [0 0 0]
                 [0 0 0]
                 [0 0 0]
                 [0 0 0]
                 [0 0 0]
                 [0 0 0]
                 [0 0 0]
                 [0 0 0]
                 [0 0 0]
                 [0 0 0]
                 [0 0 0]
                 [0 0 0]
                 [0 0 0]
                 [0 0 0]
                 [0 0 0]
                 [0 0 0]
                 [0 0 0]
                 [0 0 0]
                 [0 0 0]
                 [0 0 0]
                 [0 0 0]
                 [0 0 0]
                 [0 0 0]
                 [0 0 0]
                 [0 0 0]
                 [0 0 0]
                 [0 0 0]
                 [0 0 0]
                 [0 0 0]
                 [0 0 0]
                 [0 0 0]]];
b = [[1 1 1 1 1 1 1 1 1 1 1 1 1 1 1 1 1 1 1 1 1 1 1 1 1 1 1 1 1 1 1 1 1 1 1
             1 1 1 1 1 1 1 1 1 1 1 1 1 1 1 1 1 1 1 1 1 1 1 1 1]];
z = [[0 0 0 0 0 0 0 0 0 0 1 1 0 0 0 0 0 0 0 0 0 0 0 0 0 0 0 1 0 0 0 0 0 0 0
             0 0 0 0 0 1 0 1 0 0 0 0 0 0 0 0 0 0 0 0 0 0 1 0 0]
             [0 0 0 0 0 0 0 0 0 0 0 0 0 1 0 0 0 0 0 0 0 0 0 0 0 1 0 0 0 0 0
             0 0 0 0 0 0 0 0 0 0 0 0 0 0 0 0 0 0 0 0 1 0 0 0 0 0 0 0 0]
             [1 1 1 0 0 1 0 1 0 0 0 0 0 0 0 0 0 0 0 0 0 0 0 0 0 0 0 0 0 0 0
             0 0 1 0 0 0 0 0 0 0 0 0 0 0 0 0 0 0 0 0 0 0 0 0 0 0 0 0 0]];
kapa = [[-Infinity -Infinity -Infinity]
             [1050 1050 1050]
             [3480 3480 4530]
             [9000 9000 29536]
             [3825 3825 3825]
             [2565 2565 2565]
             [6678 6678 45000]
             [3080 45000 45000]
             [45000 5706 35242]
             [1680 1680 1680]
             [4200 4200 45000]
             [12513 12513 12513]
             [38117 5711 5711]
             [14810 14810 14810]
             [10630 29265 10630]
             [11448 11448 11448]
             [1050 1050 1050]
             [1050 1050 1050]
             [1050 1050 1050]
             [3480 3480 45000]
             [3480 3480 3480]
             [3480 3480 3480]
             [9000 9000 9000]
             [9000 9000 9000]
             [9000 9000 9000]
             [3825 45000 3825]
             [3825 3825 3825]
             [3825 3825 3825]
             [32406 45000 2565]
             [2565 2565 2565]
             [2565 2565 2565]
             [6678 6678 6678]
             [6678 6678 6678]
             [6678 6678 45000]
             [45000 3080 38322]
             [3080 3080 3080]
             [3080 3080 3080]
             [5706 45000 5706]
             [5706 5706 45000]
             [5706 5706 5706]
             [1680 1680 1680]
             [14193 1680 45000]
             [1680 1680 1680]
             [18393 4200 4200]
             [4200 45000 4200]
             [4200 4200 4200]
             [12513 12513 12513]
             [45000 45000 45000]
             [12513 12513 12513]
             [5711 5711 5711]
             [5711 5711 5711]
             [5711 5711 5711]
             [14810 18635 45000]
             [14810 14810 45000]
             [14810 14810 14810]
             [10630 45000 45000]
             [10630 10630 10630]
             [10630 45000 45000]
             [29841 45000 11448]
             [11448 11448 11448]
             [11448 11448 11448]];

