// solution (time limit exceeded) with objective 257.961519999996
// Quality Incumbent solution:
// MILP objective                                 2,5796152000e+02
// MILP solution norm |x| (Total, Max)            1,55492e+06  4,50000e+04
// MILP solution error (Ax=b) (Total, Max)        2,57953e-09  7,27596e-12
// MILP x bound error (Total, Max)                5,08897e-12  4,81888e-13
// MILP x integrality error (Total, Max)          8,14445e-12  4,81888e-13
// MILP slack bound error (Total, Max)            5,82761e-09  1,66619e-09
// 

y = [[0
             0 0 0 0 0 0 0 0 0 0 0 0 0 0 1 0 0 0 0 0 0 0 0 0 0 0 0 0 0 0 0
             0 0 0 0 0 0 0 0 0 0 0 0 0 0 0 0 0 0 0 0 0 0 0 0 0 0 0 0]
             [0 1 0 0 0 0 0 0 0 0 0 0 0 0 0 0 0 0 0 0 0 0 0 0 0 0 0 0 0 0 0
             0 0 0 0 0 0 0 0 0 0 0 0 0 0 0 0 0 0 0 0 0 0 0 0 0 0 0 0 0]
             [0 0 1 0 0 0 0 0 0 0 0 0 0 0 0 0 0 0 0 0 0 0 0 0 0 0 0 0 0 0 0
             0 0 0 0 0 0 0 0 0 0 0 0 0 0 0 0 0 0 0 0 0 0 0 0 0 0 0 0 0]
             [0 0 0 0 0 0 0 0 0 0 0 0 0 0 0 0 0 0 0 0 0 0 0 0 0 1 0 0 0 0 0
             0 0 0 0 0 0 0 0 0 0 0 0 0 0 0 0 0 0 0 0 0 0 0 0 0 0 0 0 0]
             [0 0 0 0 0 0 0 0 0 0 0 0 0 0 0 0 0 0 0 0 0 0 0 0 0 0 0 1 0 0 0
             0 0 0 0 0 0 0 0 0 0 0 0 0 0 0 0 0 0 0 0 0 0 0 0 0 0 0 0 0]
             [0 0 0 0 0 0 0 0 0 0 0 0 0 0 0 0 0 0 0 0 0 0 0 0 0 0 0 0 0 0 0
             1 0 0 0 0 0 0 0 0 0 0 0 0 0 0 0 0 0 0 0 0 0 0 0 0 0 0 0 0]
             [0 0 0 0 0 0 0 0 0 0 0 0 0 0 0 0 0 0 0 0 0 0 0 0 0 0 0 0 0 0 0
             0 0 1 0 0 0 0 0 0 0 0 0 0 0 0 0 0 0 0 0 0 0 0 0 0 0 0 0 0]
             [0 0 0 0 0 0 0 1 0 0 0 0 0 0 0 0 0 0 0 0 0 0 0 0 0 0 0 0 0 0 0
             0 0 0 0 0 0 0 0 0 0 0 0 0 0 0 0 0 0 0 0 0 0 0 0 0 0 0 0 0]
             [0 0 0 0 0 0 0 0 0 0 0 0 0 0 0 0 0 0 0 0 0 0 0 0 0 0 0 0 0 0 0
             0 0 0 0 0 0 0 0 0 0 1 0 0 0 0 0 0 0 0 0 0 0 0 0 0 0 0 0 0]
             [0 0 0 0 0 0 0 0 0 0 0 0 0 0 0 0 0 0 0 0 0 0 0 0 0 0 0 0 0 0 0
             0 0 0 0 0 0 0 0 0 0 0 1 0 0 0 0 0 0 0 0 0 0 0 0 0 0 0 0 0]
             [0 0 0 0 0 0 0 0 0 0 0 0 0 0 0 0 0 0 0 0 0 0 0 0 0 0 0 0 0 0 0
             0 0 0 0 0 0 0 0 0 0 0 0 0 0 1 0 0 0 0 0 0 0 0 0 0 0 0 0 0]
             [0 0 0 0 0 0 0 0 0 0 0 0 0 0 0 0 0 0 0 0 0 0 0 0 0 0 0 0 0 0 0
             0 0 0 0 0 0 0 0 0 0 0 0 0 0 0 0 0 0 1 0 0 0 0 0 0 0 0 0 0]
             [0 0 0 0 0 0 0 0 0 0 0 0 0 0 0 0 0 0 0 0 0 0 0 0 0 0 0 0 0 0 0
             0 0 0 0 0 0 0 0 0 0 0 0 0 0 0 0 0 0 0 0 1 0 0 0 0 0 0 0 0]
             [0 0 0 0 0 0 0 0 0 0 0 0 0 1 0 0 0 0 0 0 0 0 0 0 0 0 0 0 0 0 0
             0 0 0 0 0 0 0 0 0 0 0 0 0 0 0 0 0 0 0 0 0 0 0 0 0 0 0 0 0]
             [0 0 0 0 0 0 0 0 0 0 0 0 0 0 0 0 0 0 0 0 0 0 0 0 0 0 0 0 0 0 0
             0 0 0 0 0 0 0 0 0 0 0 0 0 0 0 0 0 0 0 0 0 0 0 0 0 0 1 0 0]];
x = [[[0 0 0]
                 [0 0 0]
                 [0 0 0]
                 [0 0 0]
                 [0 0 0]
                 [0 0 0]
                 [0 0 0]
                 [0 0 0]
                 [0 0 0]
                 [0 0 0]
                 [0 0 0]
                 [0 0 0]
                 [0 0 0]
                 [0 0 0]
                 [0 0 0]
                 [0 0 0]
                 [1 0 0]
                 [0 0 0]
                 [0 0 0]
                 [0 0 0]
                 [0 0 0]
                 [0 0 0]
                 [0 0 0]
                 [0 0 0]
                 [0 0 0]
                 [0 0 0]
                 [0 1 0]
                 [0 0 0]
                 [0 0 0]
                 [0 0 0]
                 [0 0 0]
                 [0 0 0]
                 [0 0 0]
                 [0 0 0]
                 [0 0 0]
                 [0 0 0]
                 [0 0 0]
                 [0 0 0]
                 [0 0 0]
                 [0 0 0]
                 [0 0 0]
                 [0 0 0]
                 [0 0 0]
                 [0 0 0]
                 [0 0 0]
                 [0 0 0]
                 [0 0 0]
                 [0 0 0]
                 [0 0 0]
                 [0 0 0]
                 [0 0 1]
                 [0 0 0]
                 [0 0 0]
                 [0 0 0]
                 [0 0 0]
                 [0 0 0]
                 [0 0 0]
                 [0 0 0]
                 [0 0 0]
                 [0 0 0]
                 [0 0 0]]
             [[0 0 0]
                 [0 0 0]
                 [0 0 0]
                 [0 0 0]
                 [0 0 0]
                 [0 0 0]
                 [0 0 0]
                 [0 0 0]
                 [0 0 0]
                 [0 0 0]
                 [0 0 0]
                 [0 0 0]
                 [0 0 0]
                 [0 0 0]
                 [0 0 0]
                 [0 0 0]
                 [0 0 0]
                 [0 0 0]
                 [0 0 0]
                 [0 0 0]
                 [0 0 0]
                 [0 0 0]
                 [0 0 0]
                 [0 0 0]
                 [0 0 0]
                 [0 0 0]
                 [0 0 0]
                 [0 0 0]
                 [0 0 0]
                 [0 0 0]
                 [0 0 0]
                 [0 0 0]
                 [0 0 0]
                 [0 0 0]
                 [0 0 0]
                 [0 0 0]
                 [0 0 0]
                 [0 0 0]
                 [0 0 0]
                 [0 0 0]
                 [0 0 0]
                 [0 0 0]
                 [0 0 0]
                 [0 0 0]
                 [0 0 0]
                 [0 0 0]
                 [0 0 0]
                 [0 0 0]
                 [0 0 0]
                 [0 0 0]
                 [0 0 0]
                 [0 0 0]
                 [0 0 0]
                 [0 0 0]
                 [0 0 0]
                 [0 0 0]
                 [0 0 0]
                 [0 0 0]
                 [0 0 0]
                 [0 0 0]
                 [0 0 0]]
             [[0 0 0]
                 [0 0 0]
                 [0 0 0]
                 [0 0 0]
                 [0 0 0]
                 [0 0 0]
                 [0 0 0]
                 [0 0 0]
                 [0 0 0]
                 [0 0 0]
                 [0 0 0]
                 [0 0 0]
                 [0 0 0]
                 [0 0 0]
                 [0 0 0]
                 [0 0 0]
                 [0 0 0]
                 [0 0 0]
                 [0 0 0]
                 [0 0 0]
                 [0 0 0]
                 [0 0 0]
                 [0 0 0]
                 [0 0 0]
                 [0 0 0]
                 [0 0 0]
                 [0 0 0]
                 [0 0 0]
                 [0 0 0]
                 [0 0 0]
                 [0 0 0]
                 [0 0 0]
                 [0 0 0]
                 [0 0 0]
                 [0 0 0]
                 [0 0 0]
                 [0 0 0]
                 [0 0 0]
                 [0 0 0]
                 [0 0 0]
                 [0 0 0]
                 [0 0 0]
                 [0 0 0]
                 [0 0 0]
                 [0 0 0]
                 [0 0 0]
                 [1 0 0]
                 [0 0 0]
                 [0 0 0]
                 [0 0 0]
                 [0 0 0]
                 [0 0 0]
                 [0 0 0]
                 [0 0 0]
                 [0 0 0]
                 [0 0 0]
                 [0 0 0]
                 [0 0 0]
                 [0 0 0]
                 [0 0 0]
                 [0 0 0]]
             [[0 0 0]
                 [0 0 0]
                 [1 0 0]
                 [0 0 0]
                 [0 0 0]
                 [0 0 0]
                 [0 0 0]
                 [0 0 0]
                 [0 0 0]
                 [0 0 0]
                 [0 0 0]
                 [0 0 0]
                 [0 0 0]
                 [0 0 0]
                 [0 0 0]
                 [0 0 0]
                 [0 0 0]
                 [0 0 0]
                 [0 0 0]
                 [0 0 0]
                 [0 0 0]
                 [0 0 0]
                 [0 0 0]
                 [0 0 0]
                 [0 0 0]
                 [0 0 0]
                 [0 0 0]
                 [0 0 0]
                 [0 0 0]
                 [0 0 0]
                 [0 0 0]
                 [0 0 0]
                 [0 0 0]
                 [0 0 0]
                 [0 0 0]
                 [0 0 0]
                 [0 0 0]
                 [0 0 0]
                 [0 0 0]
                 [0 0 0]
                 [0 0 0]
                 [0 0 0]
                 [0 0 0]
                 [0 0 0]
                 [0 0 0]
                 [0 0 0]
                 [0 0 0]
                 [0 0 0]
                 [0 0 0]
                 [0 0 0]
                 [0 0 0]
                 [0 0 0]
                 [0 0 0]
                 [0 0 0]
                 [0 0 0]
                 [0 0 0]
                 [0 0 0]
                 [0 0 0]
                 [0 0 0]
                 [0 0 0]
                 [0 0 0]]
             [[0 0 0]
                 [0 0 0]
                 [0 0 0]
                 [0 0 0]
                 [0 0 0]
                 [0 0 0]
                 [0 0 0]
                 [0 0 0]
                 [0 0 0]
                 [0 0 0]
                 [0 0 0]
                 [0 0 0]
                 [0 0 0]
                 [0 0 0]
                 [0 0 0]
                 [0 0 0]
                 [0 0 0]
                 [0 0 0]
                 [0 0 0]
                 [0 0 0]
                 [0 0 0]
                 [0 0 0]
                 [0 0 0]
                 [0 0 0]
                 [0 0 0]
                 [0 0 0]
                 [0 0 0]
                 [0 0 0]
                 [0 0 0]
                 [0 0 0]
                 [0 0 0]
                 [0 0 0]
                 [0 0 0]
                 [0 0 0]
                 [0 0 0]
                 [0 0 0]
                 [0 0 0]
                 [0 0 0]
                 [0 0 0]
                 [0 0 0]
                 [0 0 0]
                 [0 0 0]
                 [0 0 0]
                 [0 0 0]
                 [0 0 0]
                 [0 0 0]
                 [0 0 0]
                 [0 0 0]
                 [0 0 0]
                 [0 0 0]
                 [0 0 0]
                 [0 0 0]
                 [0 0 0]
                 [0 0 0]
                 [0 0 0]
                 [0 0 0]
                 [0 0 0]
                 [0 0 0]
                 [0 0 0]
                 [0 0 0]
                 [0 0 0]]
             [[0 0 0]
                 [0 0 0]
                 [0 0 0]
                 [0 0 0]
                 [0 0 0]
                 [0 0 0]
                 [0 0 0]
                 [0 0 0]
                 [0 0 0]
                 [0 0 0]
                 [0 0 0]
                 [0 0 0]
                 [0 0 0]
                 [0 0 0]
                 [0 0 0]
                 [0 0 0]
                 [0 0 0]
                 [0 0 0]
                 [0 0 0]
                 [0 0 0]
                 [0 0 0]
                 [0 0 0]
                 [0 0 0]
                 [0 0 0]
                 [0 0 0]
                 [0 0 0]
                 [0 0 0]
                 [0 0 0]
                 [0 0 0]
                 [0 0 0]
                 [0 0 0]
                 [0 0 0]
                 [0 0 0]
                 [0 0 0]
                 [0 0 0]
                 [0 0 0]
                 [0 0 0]
                 [0 0 0]
                 [0 0 0]
                 [0 0 0]
                 [0 0 0]
                 [0 0 0]
                 [0 0 0]
                 [0 0 0]
                 [0 0 0]
                 [0 0 0]
                 [0 0 0]
                 [0 0 0]
                 [0 0 0]
                 [0 0 0]
                 [0 0 0]
                 [0 0 0]
                 [0 0 0]
                 [0 0 0]
                 [0 0 0]
                 [0 0 0]
                 [0 0 0]
                 [0 0 0]
                 [0 0 0]
                 [0 0 0]
                 [0 0 0]]
             [[0 0 0]
                 [0 0 0]
                 [0 0 0]
                 [0 0 0]
                 [0 0 0]
                 [0 0 0]
                 [0 0 0]
                 [0 0 0]
                 [0 0 0]
                 [0 0 0]
                 [0 0 0]
                 [0 0 0]
                 [0 0 0]
                 [0 0 0]
                 [0 0 0]
                 [0 0 0]
                 [0 0 0]
                 [0 0 0]
                 [0 0 0]
                 [0 0 0]
                 [0 0 0]
                 [0 0 0]
                 [0 0 0]
                 [0 0 0]
                 [0 0 0]
                 [0 0 0]
                 [0 0 0]
                 [0 0 0]
                 [0 0 0]
                 [0 0 0]
                 [0 0 0]
                 [0 0 0]
                 [0 0 0]
                 [0 0 0]
                 [0 0 0]
                 [0 0 0]
                 [0 0 0]
                 [0 0 0]
                 [0 0 0]
                 [0 0 0]
                 [0 0 0]
                 [0 0 0]
                 [0 0 0]
                 [0 0 0]
                 [0 0 0]
                 [0 0 0]
                 [0 0 0]
                 [0 0 0]
                 [0 0 0]
                 [0 0 0]
                 [0 0 0]
                 [0 0 0]
                 [0 0 0]
                 [0 0 0]
                 [0 0 0]
                 [0 0 0]
                 [0 0 0]
                 [0 0 0]
                 [0 0 0]
                 [0 0 0]
                 [0 0 0]]
             [[0 0 0]
                 [0 0 0]
                 [0 0 0]
                 [0 0 0]
                 [0 0 0]
                 [0 0 0]
                 [0 0 0]
                 [0 0 0]
                 [0 0 0]
                 [0 0 0]
                 [0 0 0]
                 [0 0 0]
                 [0 0 0]
                 [0 0 0]
                 [0 0 0]
                 [0 0 0]
                 [0 0 0]
                 [0 0 0]
                 [0 0 0]
                 [0 0 0]
                 [0 0 0]
                 [0 0 0]
                 [0 0 0]
                 [0 0 0]
                 [0 0 0]
                 [0 0 0]
                 [0 0 0]
                 [0 0 0]
                 [0 0 0]
                 [0 0 0]
                 [0 0 0]
                 [0 0 0]
                 [0 0 0]
                 [0 0 0]
                 [0 0 0]
                 [0 0 0]
                 [0 0 0]
                 [0 0 0]
                 [0 0 0]
                 [0 0 0]
                 [0 0 0]
                 [0 0 0]
                 [0 0 0]
                 [0 0 0]
                 [0 0 0]
                 [0 0 0]
                 [0 0 0]
                 [0 0 0]
                 [0 0 0]
                 [0 0 0]
                 [0 0 0]
                 [0 0 0]
                 [0 0 0]
                 [0 0 0]
                 [0 0 0]
                 [0 0 0]
                 [0 0 0]
                 [0 0 0]
                 [0 0 0]
                 [0 0 0]
                 [0 0 0]]
             [[0 0 0]
                 [0 0 0]
                 [0 0 0]
                 [1 0 0]
                 [0 0 0]
                 [0 0 0]
                 [0 0 0]
                 [0 0 0]
                 [0 0 0]
                 [0 0 0]
                 [0 0 0]
                 [0 0 0]
                 [0 0 0]
                 [0 0 0]
                 [0 0 0]
                 [0 0 0]
                 [0 0 0]
                 [0 0 0]
                 [0 0 0]
                 [0 0 0]
                 [0 0 0]
                 [0 0 0]
                 [0 0 0]
                 [0 0 0]
                 [0 0 0]
                 [0 0 0]
                 [0 0 0]
                 [0 0 0]
                 [0 0 0]
                 [0 0 0]
                 [0 0 0]
                 [0 0 0]
                 [0 0 0]
                 [0 0 0]
                 [0 0 0]
                 [0 0 0]
                 [0 0 0]
                 [0 0 0]
                 [0 0 0]
                 [0 0 0]
                 [0 0 0]
                 [0 0 0]
                 [0 0 0]
                 [0 0 0]
                 [0 0 0]
                 [0 0 0]
                 [0 0 0]
                 [0 0 0]
                 [0 0 0]
                 [0 0 0]
                 [0 0 0]
                 [0 0 0]
                 [0 0 0]
                 [0 0 0]
                 [0 0 0]
                 [0 0 0]
                 [0 0 0]
                 [0 0 0]
                 [0 0 0]
                 [0 0 0]
                 [0 0 0]]
             [[0 0 0]
                 [0 0 0]
                 [0 0 0]
                 [0 0 0]
                 [0 0 0]
                 [0 0 0]
                 [0 0 0]
                 [0 0 0]
                 [0 0 0]
                 [0 0 0]
                 [0 0 0]
                 [0 0 0]
                 [0 0 0]
                 [0 0 0]
                 [0 0 0]
                 [0 0 0]
                 [0 0 0]
                 [0 0 0]
                 [0 0 0]
                 [0 0 0]
                 [0 0 0]
                 [0 0 0]
                 [0 0 0]
                 [0 0 0]
                 [0 0 0]
                 [0 0 0]
                 [0 0 0]
                 [0 0 0]
                 [0 0 0]
                 [0 0 0]
                 [0 0 0]
                 [0 0 0]
                 [0 0 0]
                 [0 0 0]
                 [0 0 0]
                 [0 0 0]
                 [0 0 0]
                 [0 0 0]
                 [0 0 0]
                 [0 0 0]
                 [0 0 0]
                 [0 0 0]
                 [0 0 0]
                 [0 0 0]
                 [0 0 0]
                 [0 0 0]
                 [0 0 0]
                 [0 0 0]
                 [0 0 0]
                 [0 0 0]
                 [0 0 0]
                 [0 0 0]
                 [0 0 0]
                 [0 0 0]
                 [0 0 0]
                 [0 0 0]
                 [0 0 0]
                 [0 0 0]
                 [0 0 0]
                 [0 0 0]
                 [0 0 0]]
             [[0 0 0]
                 [0 0 0]
                 [0 0 0]
                 [0 0 0]
                 [0 0 0]
                 [0 0 0]
                 [0 0 0]
                 [0 0 0]
                 [0 0 0]
                 [0 0 0]
                 [0 0 0]
                 [0 0 0]
                 [0 0 0]
                 [0 0 0]
                 [0 0 0]
                 [0 0 0]
                 [0 0 0]
                 [0 0 0]
                 [0 0 0]
                 [0 0 0]
                 [0 0 0]
                 [0 0 0]
                 [0 0 0]
                 [0 0 0]
                 [0 0 0]
                 [0 0 0]
                 [0 0 0]
                 [0 0 0]
                 [0 0 0]
                 [0 0 0]
                 [0 0 0]
                 [0 0 0]
                 [0 0 0]
                 [0 0 0]
                 [0 0 0]
                 [0 0 0]
                 [0 0 0]
                 [0 0 0]
                 [0 0 0]
                 [0 0 0]
                 [0 0 0]
                 [0 0 0]
                 [0 0 0]
                 [0 0 0]
                 [0 0 0]
                 [0 0 0]
                 [0 0 0]
                 [0 0 0]
                 [0 0 0]
                 [0 0 0]
                 [0 0 0]
                 [0 0 0]
                 [0 0 0]
                 [0 0 0]
                 [0 0 0]
                 [0 0 0]
                 [0 0 0]
                 [0 0 0]
                 [0 0 0]
                 [0 0 0]
                 [0 0 0]]
             [[0 0 0]
                 [0 0 0]
                 [0 0 0]
                 [0 0 0]
                 [0 0 0]
                 [0 0 0]
                 [0 0 0]
                 [0 0 0]
                 [0 0 0]
                 [0 0 0]
                 [0 0 0]
                 [0 0 0]
                 [0 0 0]
                 [0 0 0]
                 [0 0 0]
                 [0 0 0]
                 [0 0 0]
                 [0 0 0]
                 [0 0 0]
                 [0 0 0]
                 [0 0 0]
                 [0 0 0]
                 [0 0 0]
                 [0 0 0]
                 [0 0 0]
                 [0 0 0]
                 [0 0 0]
                 [0 0 0]
                 [0 0 0]
                 [0 0 0]
                 [0 0 0]
                 [0 0 0]
                 [0 0 0]
                 [0 0 0]
                 [0 0 0]
                 [0 0 0]
                 [0 0 0]
                 [0 0 0]
                 [0 0 0]
                 [0 0 0]
                 [0 0 0]
                 [0 0 0]
                 [0 0 0]
                 [0 0 0]
                 [0 0 0]
                 [0 0 0]
                 [0 0 0]
                 [0 0 0]
                 [0 0 0]
                 [0 0 0]
                 [0 0 0]
                 [0 0 0]
                 [0 0 0]
                 [0 0 0]
                 [0 0 0]
                 [0 0 0]
                 [0 0 0]
                 [0 0 0]
                 [0 0 0]
                 [0 0 0]
                 [0 0 0]]
             [[0 0 0]
                 [0 0 0]
                 [0 0 0]
                 [0 0 0]
                 [0 0 0]
                 [0 0 0]
                 [0 0 0]
                 [0 0 0]
                 [0 0 0]
                 [0 0 0]
                 [0 0 0]
                 [0 0 0]
                 [0 0 0]
                 [0 0 0]
                 [0 0 0]
                 [0 0 0]
                 [0 0 0]
                 [0 0 0]
                 [0 0 0]
                 [0 0 0]
                 [0 0 0]
                 [0 0 0]
                 [0 0 0]
                 [0 0 0]
                 [0 0 0]
                 [0 0 0]
                 [0 0 0]
                 [0 0 0]
                 [0 0 0]
                 [0 0 0]
                 [0 0 0]
                 [0 0 0]
                 [0 0 0]
                 [0 0 0]
                 [0 0 0]
                 [0 0 0]
                 [0 0 0]
                 [0 0 0]
                 [0 0 0]
                 [0 0 0]
                 [0 0 0]
                 [0 0 0]
                 [0 0 0]
                 [0 0 0]
                 [0 0 0]
                 [0 0 0]
                 [0 0 0]
                 [0 0 0]
                 [0 0 0]
                 [0 0 0]
                 [0 0 0]
                 [0 0 0]
                 [0 0 0]
                 [0 0 0]
                 [0 0 0]
                 [0 0 0]
                 [0 0 0]
                 [0 0 0]
                 [0 0 0]
                 [0 0 0]
                 [0 0 0]]
             [[0 0 0]
                 [0 0 0]
                 [0 0 0]
                 [0 0 0]
                 [0 0 0]
                 [0 0 0]
                 [0 0 0]
                 [0 0 0]
                 [0 0 0]
                 [0 0 0]
                 [0 0 0]
                 [0 0 0]
                 [0 0 0]
                 [0 0 0]
                 [0 0 0]
                 [0 0 0]
                 [0 0 0]
                 [0 0 0]
                 [0 0 0]
                 [0 0 0]
                 [0 0 0]
                 [0 0 0]
                 [0 0 0]
                 [0 0 0]
                 [0 0 0]
                 [0 0 0]
                 [0 0 0]
                 [0 0 0]
                 [0 0 0]
                 [0 0 0]
                 [0 0 0]
                 [0 0 0]
                 [0 0 0]
                 [0 0 0]
                 [0 0 0]
                 [0 0 0]
                 [0 0 0]
                 [0 0 0]
                 [0 0 0]
                 [0 0 0]
                 [0 0 0]
                 [0 0 0]
                 [0 0 0]
                 [0 0 0]
                 [0 0 0]
                 [0 0 0]
                 [0 0 0]
                 [0 0 0]
                 [0 0 0]
                 [0 0 0]
                 [0 0 0]
                 [0 0 0]
                 [0 0 0]
                 [0 0 0]
                 [0 0 0]
                 [0 0 0]
                 [0 0 0]
                 [0 0 0]
                 [0 0 0]
                 [0 0 0]
                 [0 0 0]]
             [[0 0 0]
                 [0 0 0]
                 [0 0 0]
                 [0 0 0]
                 [0 0 0]
                 [0 0 0]
                 [0 0 0]
                 [0 0 0]
                 [0 0 0]
                 [0 0 0]
                 [0 0 0]
                 [0 0 0]
                 [0 0 0]
                 [0 0 0]
                 [0 0 0]
                 [0 0 0]
                 [0 0 0]
                 [0 0 0]
                 [0 0 0]
                 [0 0 0]
                 [0 0 0]
                 [0 0 0]
                 [0 0 0]
                 [0 0 0]
                 [0 0 0]
                 [0 0 0]
                 [0 0 0]
                 [0 0 0]
                 [0 0 0]
                 [0 0 0]
                 [0 0 0]
                 [0 0 0]
                 [0 1 0]
                 [0 0 0]
                 [0 0 0]
                 [0 0 0]
                 [0 0 0]
                 [0 0 0]
                 [0 0 0]
                 [0 0 0]
                 [0 0 0]
                 [0 0 0]
                 [0 0 0]
                 [0 0 0]
                 [0 0 0]
                 [0 0 0]
                 [0 0 0]
                 [0 0 0]
                 [0 0 0]
                 [0 0 0]
                 [0 0 0]
                 [0 0 0]
                 [0 0 0]
                 [0 0 0]
                 [0 0 0]
                 [0 0 0]
                 [0 0 0]
                 [0 0 0]
                 [0 0 0]
                 [0 0 0]
                 [0 0 0]]
             [[0 0 0]
                 [0 0 0]
                 [0 0 0]
                 [0 0 0]
                 [0 0 0]
                 [0 0 0]
                 [0 0 0]
                 [0 0 0]
                 [0 0 0]
                 [0 0 0]
                 [0 0 0]
                 [0 0 0]
                 [0 0 0]
                 [0 0 0]
                 [0 0 0]
                 [0 0 0]
                 [0 0 0]
                 [0 0 0]
                 [0 0 0]
                 [0 0 0]
                 [0 0 0]
                 [0 0 0]
                 [0 0 0]
                 [0 0 0]
                 [0 0 0]
                 [0 0 0]
                 [0 0 0]
                 [0 0 0]
                 [0 0 0]
                 [0 0 0]
                 [0 0 0]
                 [0 0 0]
                 [0 0 0]
                 [0 0 0]
                 [0 0 0]
                 [0 0 0]
                 [0 0 0]
                 [0 0 0]
                 [0 0 0]
                 [0 0 0]
                 [0 0 0]
                 [0 0 0]
                 [0 0 0]
                 [0 0 0]
                 [0 0 0]
                 [0 0 0]
                 [0 0 0]
                 [0 0 0]
                 [0 0 0]
                 [0 0 0]
                 [0 0 0]
                 [0 0 0]
                 [0 0 0]
                 [0 0 0]
                 [0 0 0]
                 [0 0 0]
                 [0 0 0]
                 [0 0 0]
                 [0 0 0]
                 [0 0 0]
                 [0 0 0]]
             [[0 0 0]
                 [0 0 0]
                 [0 0 0]
                 [0 0 0]
                 [0 0 0]
                 [0 0 0]
                 [0 0 0]
                 [0 0 0]
                 [0 0 0]
                 [0 0 0]
                 [0 0 0]
                 [0 0 0]
                 [0 0 0]
                 [0 0 0]
                 [0 0 0]
                 [0 0 0]
                 [0 0 0]
                 [0 0 0]
                 [0 0 0]
                 [0 0 0]
                 [0 0 0]
                 [0 0 0]
                 [0 0 0]
                 [0 0 0]
                 [0 0 0]
                 [0 0 0]
                 [0 0 0]
                 [0 0 0]
                 [0 0 0]
                 [0 0 0]
                 [0 0 0]
                 [0 0 0]
                 [0 0 0]
                 [0 0 0]
                 [1 0 0]
                 [0 0 0]
                 [0 0 0]
                 [0 0 0]
                 [0 0 0]
                 [0 0 0]
                 [0 0 0]
                 [0 0 0]
                 [0 0 0]
                 [0 0 0]
                 [0 0 0]
                 [0 0 0]
                 [0 0 0]
                 [0 0 0]
                 [0 0 0]
                 [0 0 0]
                 [0 0 0]
                 [0 0 0]
                 [0 0 0]
                 [0 0 0]
                 [0 0 0]
                 [0 0 0]
                 [0 0 0]
                 [0 0 0]
                 [0 0 0]
                 [0 0 0]
                 [0 0 0]]
             [[0 0 0]
                 [0 0 0]
                 [0 0 0]
                 [0 0 0]
                 [0 0 0]
                 [0 0 0]
                 [0 0 0]
                 [0 0 0]
                 [0 0 0]
                 [0 0 0]
                 [0 0 0]
                 [0 0 0]
                 [0 0 0]
                 [0 0 0]
                 [0 0 0]
                 [0 0 0]
                 [0 0 0]
                 [0 0 0]
                 [0 0 0]
                 [0 0 0]
                 [0 0 0]
                 [0 0 0]
                 [0 0 0]
                 [0 0 0]
                 [0 0 0]
                 [0 0 0]
                 [0 0 0]
                 [0 0 0]
                 [0 0 0]
                 [0 0 0]
                 [0 0 0]
                 [0 0 0]
                 [0 0 0]
                 [0 0 0]
                 [0 0 0]
                 [0 0 0]
                 [0 0 0]
                 [0 0 0]
                 [0 0 0]
                 [0 0 0]
                 [0 0 0]
                 [0 0 0]
                 [0 0 0]
                 [0 0 0]
                 [0 0 0]
                 [0 0 0]
                 [0 0 0]
                 [0 0 0]
                 [0 0 0]
                 [0 0 0]
                 [0 0 0]
                 [0 0 0]
                 [0 0 0]
                 [0 0 0]
                 [0 0 0]
                 [0 0 0]
                 [0 0 0]
                 [0 0 0]
                 [0 0 0]
                 [0 0 0]
                 [0 0 0]]
             [[0 0 0]
                 [0 0 0]
                 [0 0 0]
                 [0 0 0]
                 [0 0 0]
                 [0 0 0]
                 [0 0 0]
                 [0 0 0]
                 [0 0 0]
                 [0 0 0]
                 [0 0 0]
                 [0 0 0]
                 [0 0 0]
                 [0 0 0]
                 [0 0 0]
                 [0 0 0]
                 [0 0 0]
                 [0 0 0]
                 [0 0 0]
                 [0 0 0]
                 [0 0 0]
                 [0 0 0]
                 [0 0 0]
                 [0 0 0]
                 [0 0 0]
                 [0 0 0]
                 [0 0 0]
                 [0 0 0]
                 [0 0 0]
                 [0 0 0]
                 [0 0 0]
                 [0 0 0]
                 [0 0 0]
                 [0 0 0]
                 [0 0 0]
                 [0 0 0]
                 [0 0 0]
                 [0 0 0]
                 [0 0 0]
                 [0 0 0]
                 [0 0 0]
                 [0 0 0]
                 [0 0 0]
                 [0 0 0]
                 [0 0 0]
                 [0 0 0]
                 [0 0 0]
                 [0 0 0]
                 [0 0 0]
                 [0 0 0]
                 [0 0 0]
                 [0 0 0]
                 [0 0 0]
                 [0 0 0]
                 [0 0 0]
                 [0 0 0]
                 [0 0 0]
                 [0 0 0]
                 [0 0 0]
                 [0 0 0]
                 [0 0 0]]
             [[0 0 0]
                 [0 0 0]
                 [0 0 0]
                 [0 0 0]
                 [0 0 0]
                 [0 0 0]
                 [0 0 0]
                 [0 0 0]
                 [0 0 0]
                 [0 0 0]
                 [0 0 0]
                 [0 0 0]
                 [0 0 0]
                 [0 0 0]
                 [0 0 0]
                 [0 0 0]
                 [0 0 0]
                 [0 0 0]
                 [0 0 0]
                 [0 0 0]
                 [0 0 0]
                 [0 0 0]
                 [0 0 0]
                 [0 0 0]
                 [0 0 0]
                 [0 0 0]
                 [0 0 0]
                 [0 0 0]
                 [0 0 0]
                 [0 0 0]
                 [0 0 0]
                 [0 0 0]
                 [0 0 0]
                 [0 0 0]
                 [0 0 0]
                 [0 0 0]
                 [0 0 0]
                 [0 0 0]
                 [0 0 0]
                 [0 0 0]
                 [0 0 0]
                 [0 0 0]
                 [0 0 0]
                 [0 0 0]
                 [0 0 0]
                 [0 0 0]
                 [0 0 0]
                 [0 0 0]
                 [0 0 0]
                 [0 0 0]
                 [0 0 0]
                 [0 0 0]
                 [0 0 0]
                 [0 0 0]
                 [0 0 0]
                 [0 0 0]
                 [0 0 0]
                 [0 0 0]
                 [0 0 0]
                 [0 0 0]
                 [0 0 0]]
             [[0 0 0]
                 [0 0 0]
                 [0 0 0]
                 [0 0 0]
                 [0 0 0]
                 [0 0 0]
                 [0 0 0]
                 [0 0 0]
                 [0 0 0]
                 [0 0 0]
                 [0 0 0]
                 [0 0 0]
                 [0 0 0]
                 [0 0 0]
                 [0 0 0]
                 [0 0 0]
                 [0 0 0]
                 [0 0 0]
                 [0 0 0]
                 [0 0 0]
                 [0 0 0]
                 [0 0 0]
                 [0 0 0]
                 [0 0 0]
                 [0 0 0]
                 [0 0 0]
                 [0 0 0]
                 [0 0 0]
                 [0 0 0]
                 [0 0 0]
                 [0 0 0]
                 [0 0 0]
                 [0 0 0]
                 [0 0 0]
                 [0 0 0]
                 [0 0 0]
                 [0 0 0]
                 [0 0 0]
                 [0 0 0]
                 [0 0 0]
                 [0 0 0]
                 [0 0 0]
                 [0 0 0]
                 [0 0 0]
                 [0 0 0]
                 [0 0 0]
                 [0 0 0]
                 [0 0 0]
                 [0 0 0]
                 [0 0 0]
                 [0 0 0]
                 [0 0 0]
                 [0 0 0]
                 [0 0 0]
                 [0 0 0]
                 [0 0 0]
                 [0 0 0]
                 [0 0 0]
                 [0 0 0]
                 [0 0 0]
                 [0 0 0]]
             [[0 0 0]
                 [0 0 0]
                 [0 0 0]
                 [0 0 0]
                 [0 0 0]
                 [0 0 0]
                 [0 0 0]
                 [0 0 0]
                 [0 0 0]
                 [0 0 0]
                 [0 0 0]
                 [0 0 0]
                 [0 0 0]
                 [0 0 0]
                 [0 0 0]
                 [0 0 0]
                 [0 0 0]
                 [0 0 0]
                 [0 0 0]
                 [0 0 0]
                 [0 0 0]
                 [0 0 0]
                 [0 0 0]
                 [0 0 0]
                 [0 0 0]
                 [0 0 0]
                 [0 0 0]
                 [0 0 0]
                 [0 0 0]
                 [0 0 0]
                 [0 0 0]
                 [0 0 0]
                 [0 0 0]
                 [0 0 0]
                 [0 0 0]
                 [0 0 0]
                 [0 0 0]
                 [0 0 0]
                 [0 0 0]
                 [0 0 0]
                 [0 0 0]
                 [0 0 0]
                 [0 0 0]
                 [0 0 0]
                 [0 0 0]
                 [0 0 0]
                 [0 0 0]
                 [0 0 0]
                 [0 0 0]
                 [0 0 0]
                 [0 0 0]
                 [0 0 0]
                 [0 0 0]
                 [0 0 0]
                 [0 0 0]
                 [0 0 0]
                 [0 0 0]
                 [0 0 0]
                 [0 0 0]
                 [0 0 0]
                 [0 0 0]]
             [[0 0 0]
                 [0 0 0]
                 [0 0 0]
                 [0 0 0]
                 [0 0 0]
                 [0 0 0]
                 [0 0 0]
                 [0 0 0]
                 [0 0 0]
                 [0 0 0]
                 [0 0 0]
                 [0 0 0]
                 [0 0 0]
                 [0 0 0]
                 [0 0 0]
                 [0 0 0]
                 [0 0 0]
                 [0 0 0]
                 [0 0 0]
                 [0 0 0]
                 [0 0 0]
                 [0 0 0]
                 [0 0 0]
                 [0 0 0]
                 [0 0 0]
                 [0 0 0]
                 [0 0 0]
                 [0 0 0]
                 [0 0 0]
                 [0 0 0]
                 [0 0 0]
                 [0 0 0]
                 [0 0 0]
                 [0 0 0]
                 [0 0 0]
                 [0 0 0]
                 [0 0 0]
                 [0 0 0]
                 [0 0 0]
                 [0 0 0]
                 [0 0 0]
                 [0 0 0]
                 [0 0 0]
                 [0 0 0]
                 [0 0 0]
                 [0 0 0]
                 [0 0 0]
                 [0 0 0]
                 [0 0 0]
                 [0 0 0]
                 [0 0 0]
                 [0 0 0]
                 [0 0 0]
                 [0 0 0]
                 [0 0 0]
                 [0 0 0]
                 [0 0 0]
                 [0 0 0]
                 [0 0 0]
                 [0 0 0]
                 [0 0 0]]
             [[0 0 0]
                 [0 0 0]
                 [0 0 0]
                 [0 0 0]
                 [0 0 0]
                 [0 0 0]
                 [0 0 0]
                 [0 0 0]
                 [0 0 0]
                 [0 0 0]
                 [0 0 0]
                 [0 0 0]
                 [0 0 0]
                 [0 0 0]
                 [0 0 0]
                 [0 0 0]
                 [0 0 0]
                 [0 0 0]
                 [0 0 0]
                 [0 0 0]
                 [0 0 0]
                 [0 0 0]
                 [0 0 0]
                 [0 0 0]
                 [0 0 0]
                 [0 0 0]
                 [0 0 0]
                 [0 0 0]
                 [0 0 0]
                 [0 0 0]
                 [0 0 0]
                 [0 0 0]
                 [0 0 0]
                 [0 0 0]
                 [0 0 0]
                 [0 0 0]
                 [0 0 0]
                 [0 0 0]
                 [0 0 0]
                 [0 0 0]
                 [0 0 0]
                 [0 0 0]
                 [0 0 0]
                 [0 0 0]
                 [0 0 0]
                 [0 0 0]
                 [0 0 0]
                 [0 0 0]
                 [0 0 0]
                 [0 0 0]
                 [0 0 0]
                 [0 0 0]
                 [0 0 0]
                 [0 0 0]
                 [0 0 0]
                 [0 0 0]
                 [0 0 0]
                 [0 0 0]
                 [0 0 0]
                 [0 0 0]
                 [0 0 0]]
             [[0 0 0]
                 [0 0 0]
                 [0 0 0]
                 [0 0 0]
                 [0 0 0]
                 [0 0 0]
                 [0 0 0]
                 [0 0 0]
                 [0 0 0]
                 [0 0 0]
                 [0 0 0]
                 [0 0 0]
                 [0 0 0]
                 [0 0 0]
                 [0 0 0]
                 [0 0 0]
                 [0 0 0]
                 [0 0 0]
                 [0 0 0]
                 [0 0 0]
                 [0 0 0]
                 [0 0 0]
                 [0 0 0]
                 [0 0 0]
                 [0 0 0]
                 [0 0 0]
                 [0 0 0]
                 [0 0 0]
                 [0 0 0]
                 [0 0 0]
                 [0 0 0]
                 [0 0 0]
                 [0 0 0]
                 [0 0 0]
                 [0 0 0]
                 [0 0 0]
                 [0 0 0]
                 [0 0 0]
                 [0 0 0]
                 [0 0 0]
                 [0 0 0]
                 [0 0 0]
                 [0 0 0]
                 [0 0 0]
                 [0 0 0]
                 [0 0 0]
                 [0 0 0]
                 [0 0 0]
                 [0 0 0]
                 [0 0 0]
                 [0 0 0]
                 [0 0 0]
                 [0 0 0]
                 [0 0 0]
                 [0 0 0]
                 [0 0 0]
                 [0 0 0]
                 [0 0 0]
                 [0 0 0]
                 [0 0 0]
                 [0 0 0]]
             [[0 0 0]
                 [0 0 0]
                 [0 0 0]
                 [0 0 0]
                 [0 0 0]
                 [0 0 0]
                 [0 0 0]
                 [0 0 0]
                 [0 0 0]
                 [0 0 0]
                 [0 0 0]
                 [0 0 0]
                 [0 0 0]
                 [0 0 0]
                 [0 0 0]
                 [0 0 0]
                 [0 0 0]
                 [0 0 0]
                 [0 0 0]
                 [0 0 0]
                 [0 0 0]
                 [0 0 0]
                 [0 0 0]
                 [0 0 0]
                 [0 0 0]
                 [0 0 0]
                 [0 0 0]
                 [0 0 0]
                 [0 0 0]
                 [0 0 0]
                 [0 0 0]
                 [0 0 0]
                 [0 0 0]
                 [0 0 0]
                 [0 0 0]
                 [0 0 0]
                 [0 0 0]
                 [0 0 0]
                 [0 0 0]
                 [0 0 0]
                 [0 0 0]
                 [0 0 0]
                 [0 0 0]
                 [0 0 0]
                 [0 0 0]
                 [0 0 0]
                 [0 0 0]
                 [0 0 0]
                 [0 0 0]
                 [0 0 0]
                 [0 0 0]
                 [0 0 0]
                 [0 0 0]
                 [0 0 0]
                 [0 0 0]
                 [0 0 0]
                 [0 0 0]
                 [0 0 0]
                 [0 0 0]
                 [0 0 0]
                 [0 0 0]]
             [[0 0 0]
                 [0 0 0]
                 [0 0 0]
                 [0 0 0]
                 [0 0 0]
                 [0 0 0]
                 [0 0 0]
                 [0 0 0]
                 [0 0 0]
                 [0 0 0]
                 [0 0 0]
                 [0 0 0]
                 [0 0 0]
                 [0 0 0]
                 [0 0 0]
                 [0 0 0]
                 [0 0 0]
                 [0 0 0]
                 [0 0 0]
                 [0 0 0]
                 [0 0 0]
                 [0 0 0]
                 [0 0 0]
                 [0 0 0]
                 [0 0 0]
                 [0 0 0]
                 [0 0 0]
                 [0 0 0]
                 [0 0 0]
                 [0 0 0]
                 [0 0 0]
                 [0 0 0]
                 [0 0 0]
                 [0 0 0]
                 [0 0 0]
                 [0 0 0]
                 [0 0 0]
                 [0 0 0]
                 [0 0 0]
                 [0 0 0]
                 [0 0 0]
                 [0 0 0]
                 [0 0 0]
                 [0 0 0]
                 [0 0 0]
                 [0 0 0]
                 [0 0 0]
                 [0 0 0]
                 [0 0 0]
                 [0 0 0]
                 [0 0 0]
                 [0 0 0]
                 [0 1 0]
                 [0 0 0]
                 [0 0 0]
                 [0 0 0]
                 [0 0 0]
                 [0 0 0]
                 [0 0 0]
                 [0 0 0]
                 [0 0 0]]
             [[0 0 0]
                 [0 0 0]
                 [0 0 0]
                 [0 0 0]
                 [0 0 0]
                 [0 0 0]
                 [0 0 0]
                 [0 0 0]
                 [0 0 0]
                 [0 0 0]
                 [0 0 0]
                 [0 0 0]
                 [0 0 0]
                 [0 0 0]
                 [0 0 0]
                 [0 0 0]
                 [0 0 0]
                 [0 0 0]
                 [0 0 0]
                 [0 0 0]
                 [0 0 0]
                 [0 0 0]
                 [0 0 0]
                 [0 0 0]
                 [0 0 0]
                 [0 0 0]
                 [0 0 0]
                 [0 0 0]
                 [0 0 0]
                 [0 0 0]
                 [0 0 0]
                 [0 0 0]
                 [0 0 0]
                 [0 0 0]
                 [0 0 0]
                 [0 0 0]
                 [0 0 0]
                 [0 0 0]
                 [0 0 0]
                 [0 0 0]
                 [0 0 0]
                 [0 0 0]
                 [0 0 0]
                 [0 0 0]
                 [0 0 0]
                 [0 0 0]
                 [0 0 0]
                 [0 0 0]
                 [0 0 0]
                 [0 0 0]
                 [0 0 0]
                 [0 0 0]
                 [0 0 0]
                 [0 0 0]
                 [0 0 0]
                 [0 0 0]
                 [0 0 0]
                 [0 0 0]
                 [0 0 0]
                 [0 0 0]
                 [0 0 0]]
             [[0 0 0]
                 [0 0 0]
                 [0 0 0]
                 [0 0 0]
                 [0 0 0]
                 [0 0 0]
                 [0 0 0]
                 [0 0 0]
                 [0 0 0]
                 [0 0 0]
                 [0 0 0]
                 [0 0 0]
                 [0 0 0]
                 [0 0 0]
                 [0 0 0]
                 [0 0 0]
                 [0 0 0]
                 [0 0 0]
                 [0 0 0]
                 [0 0 0]
                 [0 0 0]
                 [0 0 0]
                 [0 0 0]
                 [0 0 0]
                 [0 0 0]
                 [0 0 0]
                 [0 0 0]
                 [0 0 0]
                 [0 0 0]
                 [0 0 0]
                 [0 0 0]
                 [0 0 0]
                 [0 0 0]
                 [0 0 0]
                 [0 0 0]
                 [0 0 0]
                 [0 0 0]
                 [0 0 0]
                 [0 0 0]
                 [0 0 0]
                 [0 0 0]
                 [0 0 0]
                 [0 0 0]
                 [0 0 0]
                 [0 0 0]
                 [0 0 0]
                 [0 0 0]
                 [0 0 0]
                 [0 0 0]
                 [0 0 0]
                 [0 0 0]
                 [0 0 0]
                 [0 0 0]
                 [0 0 0]
                 [0 0 0]
                 [0 0 0]
                 [0 0 0]
                 [0 0 0]
                 [0 0 1]
                 [0 0 0]
                 [0 0 0]]
             [[0 0 0]
                 [0 0 0]
                 [0 0 0]
                 [0 0 0]
                 [0 0 0]
                 [0 0 0]
                 [0 0 0]
                 [0 0 0]
                 [0 0 0]
                 [0 0 0]
                 [0 0 0]
                 [0 0 0]
                 [0 0 0]
                 [0 0 0]
                 [0 0 0]
                 [0 0 0]
                 [0 0 0]
                 [0 0 0]
                 [0 0 0]
                 [0 0 0]
                 [0 0 0]
                 [0 0 0]
                 [0 0 0]
                 [0 0 0]
                 [0 0 0]
                 [0 0 0]
                 [0 0 0]
                 [0 0 0]
                 [0 0 0]
                 [0 0 0]
                 [0 0 0]
                 [0 0 0]
                 [0 0 0]
                 [0 0 0]
                 [0 0 0]
                 [0 0 0]
                 [0 0 0]
                 [0 0 0]
                 [0 0 0]
                 [0 0 0]
                 [0 0 0]
                 [0 0 0]
                 [0 0 0]
                 [0 0 0]
                 [0 0 0]
                 [0 0 0]
                 [0 0 0]
                 [0 0 0]
                 [0 0 0]
                 [0 0 0]
                 [0 0 0]
                 [0 0 0]
                 [0 0 0]
                 [0 0 0]
                 [0 0 0]
                 [0 0 0]
                 [0 0 0]
                 [0 0 0]
                 [0 0 0]
                 [0 0 0]
                 [0 0 0]]
             [[0 0 0]
                 [0 0 0]
                 [0 0 0]
                 [0 0 0]
                 [0 0 0]
                 [0 0 0]
                 [0 0 0]
                 [0 0 0]
                 [0 0 0]
                 [0 0 0]
                 [0 0 0]
                 [0 0 0]
                 [0 0 0]
                 [0 0 0]
                 [0 0 0]
                 [0 0 0]
                 [0 0 0]
                 [0 0 0]
                 [0 0 0]
                 [0 0 0]
                 [0 0 0]
                 [0 0 0]
                 [0 0 0]
                 [0 0 0]
                 [0 0 0]
                 [0 0 0]
                 [0 0 0]
                 [0 0 0]
                 [0 0 0]
                 [0 0 0]
                 [0 0 0]
                 [0 0 0]
                 [0 0 0]
                 [0 0 0]
                 [0 0 0]
                 [0 0 0]
                 [0 0 0]
                 [0 0 0]
                 [0 0 0]
                 [0 0 0]
                 [0 0 0]
                 [0 0 0]
                 [0 0 0]
                 [0 0 0]
                 [0 0 0]
                 [0 0 0]
                 [0 0 0]
                 [0 0 0]
                 [0 0 0]
                 [0 0 0]
                 [0 0 0]
                 [0 0 0]
                 [0 0 0]
                 [0 0 0]
                 [0 0 0]
                 [0 0 0]
                 [0 0 0]
                 [0 0 0]
                 [0 0 0]
                 [0 0 0]
                 [0 0 0]]
             [[0 0 0]
                 [0 0 0]
                 [0 0 0]
                 [0 0 0]
                 [0 0 0]
                 [0 0 0]
                 [0 0 0]
                 [0 0 0]
                 [0 0 0]
                 [0 0 0]
                 [0 0 0]
                 [0 0 0]
                 [0 0 0]
                 [0 0 0]
                 [0 0 0]
                 [0 0 0]
                 [0 0 0]
                 [0 0 0]
                 [0 0 0]
                 [0 0 0]
                 [0 0 0]
                 [0 0 0]
                 [0 0 0]
                 [0 0 0]
                 [0 0 0]
                 [0 0 0]
                 [0 0 0]
                 [0 0 0]
                 [0 0 0]
                 [0 0 0]
                 [0 0 0]
                 [0 0 0]
                 [0 0 0]
                 [0 0 0]
                 [0 0 0]
                 [0 0 0]
                 [0 0 0]
                 [0 0 0]
                 [0 0 0]
                 [0 0 0]
                 [0 0 0]
                 [0 0 0]
                 [0 0 0]
                 [0 0 0]
                 [0 0 0]
                 [0 0 0]
                 [0 0 0]
                 [0 0 0]
                 [0 0 0]
                 [0 0 0]
                 [0 0 0]
                 [0 0 0]
                 [0 0 0]
                 [0 0 0]
                 [0 0 0]
                 [0 0 0]
                 [0 0 0]
                 [0 0 0]
                 [0 0 0]
                 [0 0 0]
                 [0 0 0]]
             [[0 1 0]
                 [0 0 0]
                 [0 0 0]
                 [0 0 0]
                 [0 0 0]
                 [0 0 0]
                 [0 0 0]
                 [0 0 0]
                 [0 0 0]
                 [0 0 0]
                 [0 0 0]
                 [0 0 0]
                 [0 0 0]
                 [0 0 0]
                 [0 0 0]
                 [0 0 0]
                 [0 0 0]
                 [0 0 0]
                 [0 0 0]
                 [0 0 0]
                 [0 0 0]
                 [0 0 0]
                 [0 0 0]
                 [0 0 0]
                 [0 0 0]
                 [0 0 0]
                 [0 0 0]
                 [0 0 0]
                 [0 0 0]
                 [0 0 0]
                 [0 0 0]
                 [0 0 0]
                 [0 0 0]
                 [0 0 0]
                 [0 0 0]
                 [0 0 0]
                 [0 0 0]
                 [0 0 0]
                 [0 0 0]
                 [0 0 0]
                 [0 0 0]
                 [0 0 0]
                 [0 0 0]
                 [0 0 0]
                 [0 0 0]
                 [0 0 0]
                 [0 0 0]
                 [0 0 0]
                 [0 0 0]
                 [0 0 0]
                 [0 0 0]
                 [0 0 0]
                 [0 0 0]
                 [0 0 0]
                 [0 0 0]
                 [0 0 0]
                 [0 0 0]
                 [0 0 0]
                 [0 0 0]
                 [0 0 0]
                 [0 0 0]]
             [[0 0 0]
                 [0 0 0]
                 [0 0 0]
                 [0 0 0]
                 [0 0 0]
                 [0 0 0]
                 [0 0 0]
                 [0 0 0]
                 [0 0 0]
                 [0 0 0]
                 [0 0 0]
                 [0 0 0]
                 [0 0 0]
                 [0 0 0]
                 [0 0 0]
                 [0 0 0]
                 [0 0 0]
                 [0 0 0]
                 [0 0 0]
                 [0 0 0]
                 [0 0 0]
                 [0 0 0]
                 [0 0 0]
                 [0 0 0]
                 [0 0 0]
                 [0 0 0]
                 [0 0 0]
                 [0 0 0]
                 [0 0 0]
                 [0 0 0]
                 [0 0 0]
                 [0 0 0]
                 [0 0 0]
                 [0 0 0]
                 [0 0 0]
                 [0 0 0]
                 [0 0 0]
                 [0 0 0]
                 [0 0 0]
                 [0 0 0]
                 [0 0 0]
                 [0 0 0]
                 [0 0 0]
                 [0 0 0]
                 [0 0 0]
                 [0 0 0]
                 [0 0 0]
                 [0 0 0]
                 [0 0 0]
                 [0 0 0]
                 [0 0 0]
                 [0 0 0]
                 [0 0 0]
                 [0 0 0]
                 [0 0 0]
                 [0 0 0]
                 [0 0 0]
                 [0 0 0]
                 [0 0 0]
                 [0 0 0]
                 [0 0 0]]
             [[0 0 0]
                 [0 0 0]
                 [0 0 0]
                 [0 0 0]
                 [0 0 0]
                 [0 0 0]
                 [0 0 0]
                 [0 0 0]
                 [1 0 0]
                 [0 0 0]
                 [0 0 0]
                 [0 0 0]
                 [0 0 0]
                 [0 0 0]
                 [0 0 0]
                 [0 0 0]
                 [0 0 0]
                 [0 0 0]
                 [0 0 0]
                 [0 0 0]
                 [0 0 0]
                 [0 0 0]
                 [0 0 0]
                 [0 0 0]
                 [0 0 0]
                 [0 0 0]
                 [0 0 0]
                 [0 0 0]
                 [0 0 0]
                 [0 0 0]
                 [0 0 0]
                 [0 0 0]
                 [0 0 0]
                 [0 0 0]
                 [0 0 0]
                 [0 0 0]
                 [0 0 0]
                 [0 0 0]
                 [0 0 0]
                 [0 0 0]
                 [0 0 0]
                 [0 0 0]
                 [0 0 0]
                 [0 0 0]
                 [0 0 0]
                 [0 0 0]
                 [0 0 0]
                 [0 0 0]
                 [0 0 0]
                 [0 0 0]
                 [0 0 0]
                 [0 0 0]
                 [0 0 0]
                 [0 0 0]
                 [0 0 0]
                 [0 0 0]
                 [0 0 0]
                 [0 0 0]
                 [0 0 0]
                 [0 0 0]
                 [0 0 0]]
             [[0 0 0]
                 [0 0 0]
                 [0 0 0]
                 [0 0 0]
                 [0 0 0]
                 [0 0 0]
                 [0 0 0]
                 [0 0 0]
                 [0 0 0]
                 [0 0 0]
                 [0 0 0]
                 [0 0 0]
                 [0 0 0]
                 [0 0 0]
                 [0 0 0]
                 [0 0 0]
                 [0 0 0]
                 [0 0 0]
                 [0 0 0]
                 [0 0 0]
                 [0 0 0]
                 [0 0 0]
                 [0 0 0]
                 [0 0 0]
                 [0 0 0]
                 [0 0 0]
                 [0 0 0]
                 [0 0 0]
                 [0 0 0]
                 [0 0 0]
                 [0 0 0]
                 [0 0 0]
                 [0 0 0]
                 [0 0 0]
                 [0 0 0]
                 [0 0 0]
                 [0 0 0]
                 [0 0 0]
                 [0 0 0]
                 [0 0 0]
                 [0 0 0]
                 [0 0 0]
                 [0 0 0]
                 [0 0 0]
                 [0 0 0]
                 [0 0 0]
                 [0 0 0]
                 [0 0 0]
                 [0 0 0]
                 [0 0 0]
                 [0 0 0]
                 [0 0 0]
                 [0 0 0]
                 [0 0 0]
                 [0 0 0]
                 [0 0 0]
                 [0 0 0]
                 [0 0 0]
                 [0 0 0]
                 [0 0 0]
                 [0 0 0]]
             [[0 0 0]
                 [0 0 0]
                 [0 0 0]
                 [0 0 0]
                 [0 0 0]
                 [0 0 0]
                 [0 0 0]
                 [0 0 0]
                 [0 0 0]
                 [0 0 0]
                 [0 0 0]
                 [0 0 0]
                 [0 0 0]
                 [0 0 0]
                 [0 0 0]
                 [0 0 0]
                 [0 0 0]
                 [0 0 0]
                 [0 0 0]
                 [0 0 0]
                 [0 0 0]
                 [0 0 0]
                 [0 0 0]
                 [0 0 0]
                 [0 0 0]
                 [0 0 0]
                 [0 0 0]
                 [0 0 0]
                 [0 0 0]
                 [0 0 0]
                 [0 0 0]
                 [0 0 0]
                 [0 0 0]
                 [0 0 0]
                 [0 0 0]
                 [0 0 0]
                 [0 0 0]
                 [0 0 0]
                 [0 0 0]
                 [0 0 0]
                 [0 0 0]
                 [0 0 0]
                 [0 0 0]
                 [0 0 0]
                 [0 0 0]
                 [0 0 0]
                 [0 0 0]
                 [0 0 0]
                 [0 0 0]
                 [0 0 0]
                 [0 0 0]
                 [0 0 0]
                 [0 0 0]
                 [0 0 0]
                 [0 0 0]
                 [0 0 0]
                 [0 0 0]
                 [0 0 0]
                 [0 0 0]
                 [0 0 0]
                 [0 0 0]]
             [[0 0 0]
                 [0 0 0]
                 [0 0 0]
                 [0 0 0]
                 [0 0 0]
                 [0 0 0]
                 [0 0 0]
                 [0 0 0]
                 [0 0 0]
                 [0 0 0]
                 [0 0 0]
                 [0 0 0]
                 [0 0 0]
                 [0 0 0]
                 [0 0 0]
                 [0 0 0]
                 [0 0 0]
                 [0 0 0]
                 [0 0 0]
                 [0 0 0]
                 [0 0 0]
                 [0 0 0]
                 [0 0 0]
                 [0 0 0]
                 [0 0 0]
                 [0 0 0]
                 [0 0 0]
                 [0 0 0]
                 [0 0 0]
                 [0 0 0]
                 [0 0 0]
                 [0 0 0]
                 [0 0 0]
                 [0 0 0]
                 [0 0 0]
                 [0 0 0]
                 [0 0 0]
                 [0 0 0]
                 [0 0 0]
                 [0 0 0]
                 [0 0 0]
                 [0 0 0]
                 [0 0 0]
                 [0 0 0]
                 [0 0 0]
                 [0 0 0]
                 [0 0 0]
                 [0 0 0]
                 [0 0 0]
                 [0 0 0]
                 [0 0 0]
                 [0 0 0]
                 [0 0 0]
                 [0 0 0]
                 [0 0 0]
                 [0 0 0]
                 [0 0 0]
                 [0 0 0]
                 [0 0 0]
                 [0 0 0]
                 [0 0 0]]
             [[0 0 0]
                 [0 0 0]
                 [0 0 0]
                 [0 0 0]
                 [0 0 0]
                 [0 0 0]
                 [0 0 0]
                 [0 0 0]
                 [0 0 0]
                 [0 0 0]
                 [0 0 0]
                 [0 0 0]
                 [0 0 0]
                 [0 0 0]
                 [0 0 0]
                 [0 0 0]
                 [0 0 0]
                 [0 0 0]
                 [0 0 0]
                 [0 0 0]
                 [0 0 0]
                 [0 0 0]
                 [0 0 0]
                 [0 0 0]
                 [0 0 0]
                 [0 0 0]
                 [0 0 0]
                 [0 0 0]
                 [0 0 0]
                 [0 0 0]
                 [0 0 0]
                 [0 0 0]
                 [0 0 0]
                 [0 0 0]
                 [0 0 0]
                 [0 0 0]
                 [0 0 0]
                 [0 0 0]
                 [0 0 0]
                 [0 0 0]
                 [0 0 0]
                 [0 0 0]
                 [0 0 0]
                 [0 0 0]
                 [0 0 0]
                 [0 0 0]
                 [0 0 0]
                 [0 0 0]
                 [0 0 0]
                 [0 0 0]
                 [0 0 0]
                 [0 0 0]
                 [0 0 0]
                 [0 0 0]
                 [0 0 0]
                 [0 0 0]
                 [0 0 0]
                 [0 0 0]
                 [0 0 0]
                 [0 0 0]
                 [0 0 0]]
             [[0 0 0]
                 [0 0 0]
                 [0 0 0]
                 [0 0 0]
                 [0 0 0]
                 [0 0 0]
                 [0 0 0]
                 [0 0 0]
                 [0 0 0]
                 [0 0 0]
                 [0 0 0]
                 [0 0 0]
                 [0 0 0]
                 [0 0 0]
                 [0 0 0]
                 [0 0 0]
                 [0 0 0]
                 [0 0 0]
                 [0 0 0]
                 [0 0 0]
                 [0 0 0]
                 [0 0 0]
                 [0 0 0]
                 [0 0 0]
                 [0 0 0]
                 [0 0 0]
                 [0 0 0]
                 [0 0 0]
                 [0 0 0]
                 [0 0 0]
                 [0 0 0]
                 [0 0 0]
                 [0 0 0]
                 [0 0 0]
                 [0 0 0]
                 [0 0 0]
                 [0 0 0]
                 [0 0 0]
                 [0 0 0]
                 [0 0 0]
                 [0 0 0]
                 [0 0 0]
                 [0 0 0]
                 [0 0 0]
                 [0 0 0]
                 [0 0 0]
                 [0 0 0]
                 [0 0 0]
                 [0 0 0]
                 [0 0 0]
                 [0 0 0]
                 [0 0 0]
                 [0 0 0]
                 [0 0 0]
                 [0 0 0]
                 [0 0 0]
                 [0 0 0]
                 [0 0 0]
                 [0 0 0]
                 [0 0 0]
                 [0 0 0]]
             [[0 0 0]
                 [0 0 0]
                 [0 0 0]
                 [0 0 0]
                 [0 0 0]
                 [0 0 0]
                 [0 0 0]
                 [0 0 0]
                 [0 0 0]
                 [0 0 0]
                 [0 0 0]
                 [0 0 0]
                 [0 0 0]
                 [0 0 0]
                 [0 0 0]
                 [0 0 0]
                 [0 0 0]
                 [0 0 0]
                 [0 0 0]
                 [0 0 0]
                 [0 0 0]
                 [0 0 0]
                 [0 0 0]
                 [0 0 0]
                 [0 0 0]
                 [0 0 0]
                 [0 0 0]
                 [0 0 0]
                 [0 0 0]
                 [0 0 0]
                 [0 0 0]
                 [0 0 0]
                 [0 0 0]
                 [0 0 0]
                 [0 0 0]
                 [0 0 0]
                 [0 0 0]
                 [0 0 0]
                 [0 0 0]
                 [0 0 0]
                 [0 0 0]
                 [0 0 0]
                 [0 0 0]
                 [0 0 0]
                 [0 0 0]
                 [0 0 0]
                 [0 0 0]
                 [0 0 0]
                 [0 0 0]
                 [0 0 0]
                 [0 0 0]
                 [0 0 0]
                 [0 0 0]
                 [0 0 0]
                 [0 0 0]
                 [0 0 0]
                 [0 0 0]
                 [0 0 0]
                 [0 0 0]
                 [0 0 0]
                 [0 0 0]]
             [[0 0 0]
                 [0 0 0]
                 [0 0 0]
                 [0 0 0]
                 [0 0 0]
                 [0 0 0]
                 [0 0 0]
                 [0 0 0]
                 [0 0 0]
                 [0 0 0]
                 [0 0 0]
                 [0 0 0]
                 [0 0 0]
                 [0 0 0]
                 [0 0 0]
                 [0 0 0]
                 [0 0 0]
                 [0 0 0]
                 [0 0 0]
                 [0 0 0]
                 [0 0 0]
                 [0 0 0]
                 [0 0 0]
                 [0 0 0]
                 [0 0 0]
                 [0 0 0]
                 [0 0 0]
                 [0 0 0]
                 [0 0 0]
                 [0 0 0]
                 [0 0 0]
                 [0 0 0]
                 [0 0 0]
                 [0 0 0]
                 [0 0 0]
                 [0 0 0]
                 [0 0 0]
                 [0 0 0]
                 [0 0 0]
                 [0 0 0]
                 [0 0 0]
                 [0 0 0]
                 [0 0 0]
                 [0 0 0]
                 [0 0 0]
                 [0 0 0]
                 [0 0 0]
                 [0 0 0]
                 [0 0 0]
                 [0 0 0]
                 [0 0 0]
                 [0 0 0]
                 [0 0 0]
                 [0 0 0]
                 [0 0 0]
                 [0 0 0]
                 [0 0 0]
                 [0 0 0]
                 [0 0 0]
                 [0 0 0]
                 [0 0 0]]
             [[0 0 1]
                 [0 0 0]
                 [0 0 0]
                 [0 0 0]
                 [0 0 0]
                 [0 0 0]
                 [0 0 0]
                 [0 0 0]
                 [0 0 0]
                 [0 0 0]
                 [0 0 0]
                 [0 0 0]
                 [0 0 0]
                 [0 0 0]
                 [0 0 0]
                 [0 0 0]
                 [0 0 0]
                 [0 0 0]
                 [0 0 0]
                 [0 0 0]
                 [0 0 0]
                 [0 0 0]
                 [0 0 0]
                 [0 0 0]
                 [0 0 0]
                 [0 0 0]
                 [0 0 0]
                 [0 0 0]
                 [0 0 0]
                 [0 0 0]
                 [0 0 0]
                 [0 0 0]
                 [0 0 0]
                 [0 0 0]
                 [0 0 0]
                 [0 0 0]
                 [0 0 0]
                 [0 0 0]
                 [0 0 0]
                 [0 0 0]
                 [0 0 0]
                 [0 0 0]
                 [0 0 0]
                 [0 0 0]
                 [0 0 0]
                 [0 0 0]
                 [0 0 0]
                 [0 0 0]
                 [0 0 0]
                 [0 0 0]
                 [0 0 0]
                 [0 0 0]
                 [0 0 0]
                 [0 0 0]
                 [0 0 0]
                 [0 0 0]
                 [0 0 0]
                 [0 0 0]
                 [0 0 0]
                 [0 0 0]
                 [0 0 0]]
             [[0 0 0]
                 [0 0 0]
                 [0 0 0]
                 [0 0 0]
                 [0 0 0]
                 [0 0 0]
                 [0 0 0]
                 [0 0 0]
                 [0 0 0]
                 [0 0 0]
                 [0 0 0]
                 [0 0 0]
                 [0 0 0]
                 [0 0 0]
                 [0 0 0]
                 [0 0 0]
                 [0 0 0]
                 [0 0 0]
                 [0 0 0]
                 [0 0 0]
                 [0 0 0]
                 [0 0 0]
                 [0 0 0]
                 [0 0 0]
                 [0 0 0]
                 [0 0 0]
                 [0 0 0]
                 [0 0 0]
                 [0 0 0]
                 [0 0 0]
                 [0 0 0]
                 [0 0 0]
                 [0 0 0]
                 [0 0 0]
                 [0 0 0]
                 [0 0 0]
                 [0 0 0]
                 [0 0 0]
                 [0 0 0]
                 [0 0 0]
                 [0 0 0]
                 [0 0 0]
                 [0 0 1]
                 [0 0 0]
                 [0 0 0]
                 [0 0 0]
                 [0 0 0]
                 [0 0 0]
                 [0 0 0]
                 [0 0 0]
                 [0 0 0]
                 [0 0 0]
                 [0 0 0]
                 [0 0 0]
                 [0 0 0]
                 [0 0 0]
                 [0 0 0]
                 [0 0 0]
                 [0 0 0]
                 [0 0 0]
                 [0 0 0]]
             [[0 0 0]
                 [0 0 0]
                 [0 0 0]
                 [0 0 0]
                 [0 0 0]
                 [0 0 0]
                 [0 0 0]
                 [0 0 0]
                 [0 0 0]
                 [0 0 0]
                 [0 0 0]
                 [0 0 0]
                 [0 0 0]
                 [0 0 0]
                 [0 0 0]
                 [0 0 0]
                 [0 0 0]
                 [0 0 0]
                 [0 0 0]
                 [0 0 0]
                 [0 0 0]
                 [0 0 0]
                 [0 0 0]
                 [0 0 0]
                 [0 0 0]
                 [0 0 0]
                 [0 0 0]
                 [0 0 0]
                 [0 0 0]
                 [0 0 0]
                 [0 0 0]
                 [0 0 0]
                 [0 0 0]
                 [0 0 0]
                 [0 0 0]
                 [0 0 0]
                 [0 0 0]
                 [0 0 0]
                 [0 0 0]
                 [0 0 0]
                 [0 0 0]
                 [0 0 0]
                 [0 0 0]
                 [0 0 0]
                 [0 0 1]
                 [0 0 0]
                 [0 0 0]
                 [0 0 0]
                 [0 0 0]
                 [0 0 0]
                 [0 0 0]
                 [0 0 0]
                 [0 0 0]
                 [0 0 0]
                 [0 0 0]
                 [0 0 0]
                 [0 0 0]
                 [0 0 0]
                 [0 0 0]
                 [0 0 0]
                 [0 0 0]]
             [[0 0 0]
                 [0 0 0]
                 [0 0 0]
                 [0 0 0]
                 [0 0 0]
                 [0 0 0]
                 [0 0 0]
                 [0 0 0]
                 [0 0 0]
                 [0 0 0]
                 [0 0 0]
                 [0 0 0]
                 [0 0 0]
                 [0 0 0]
                 [0 0 0]
                 [0 0 0]
                 [0 0 0]
                 [0 0 0]
                 [0 0 0]
                 [0 0 0]
                 [0 0 0]
                 [0 0 0]
                 [0 0 0]
                 [0 0 0]
                 [0 0 0]
                 [0 0 0]
                 [0 0 0]
                 [0 0 0]
                 [0 0 0]
                 [0 0 0]
                 [0 0 0]
                 [0 0 0]
                 [0 0 0]
                 [0 0 0]
                 [0 0 0]
                 [0 0 0]
                 [0 0 0]
                 [0 0 0]
                 [0 0 0]
                 [0 0 0]
                 [0 0 0]
                 [0 0 0]
                 [0 0 0]
                 [0 0 0]
                 [0 0 0]
                 [0 0 0]
                 [0 0 0]
                 [0 0 0]
                 [0 0 0]
                 [0 0 0]
                 [0 0 0]
                 [0 0 0]
                 [0 0 0]
                 [0 0 0]
                 [0 0 0]
                 [0 0 0]
                 [0 0 0]
                 [0 0 0]
                 [0 0 0]
                 [0 0 0]
                 [0 0 0]]
             [[1 0 0]
                 [0 0 0]
                 [0 0 0]
                 [0 0 0]
                 [0 0 0]
                 [0 0 0]
                 [0 0 0]
                 [0 0 0]
                 [0 0 0]
                 [0 0 0]
                 [0 0 0]
                 [0 0 0]
                 [0 0 0]
                 [0 0 0]
                 [0 0 0]
                 [0 0 0]
                 [0 0 0]
                 [0 0 0]
                 [0 0 0]
                 [0 0 0]
                 [0 0 0]
                 [0 0 0]
                 [0 0 0]
                 [0 0 0]
                 [0 0 0]
                 [0 0 0]
                 [0 0 0]
                 [0 0 0]
                 [0 0 0]
                 [0 0 0]
                 [0 0 0]
                 [0 0 0]
                 [0 0 0]
                 [0 0 0]
                 [0 0 0]
                 [0 0 0]
                 [0 0 0]
                 [0 0 0]
                 [0 0 0]
                 [0 0 0]
                 [0 0 0]
                 [0 0 0]
                 [0 0 0]
                 [0 0 0]
                 [0 0 0]
                 [0 0 0]
                 [0 0 0]
                 [0 0 0]
                 [0 0 0]
                 [0 0 0]
                 [0 0 0]
                 [0 0 0]
                 [0 0 0]
                 [0 0 0]
                 [0 0 0]
                 [0 0 0]
                 [0 0 0]
                 [0 0 0]
                 [0 0 0]
                 [0 0 0]
                 [0 0 0]]
             [[0 0 0]
                 [0 0 0]
                 [0 0 0]
                 [0 0 0]
                 [0 0 0]
                 [0 0 0]
                 [0 0 0]
                 [0 0 0]
                 [0 0 0]
                 [0 0 0]
                 [0 0 0]
                 [0 0 0]
                 [0 0 0]
                 [0 0 0]
                 [0 0 0]
                 [0 0 0]
                 [0 0 0]
                 [0 0 0]
                 [0 0 0]
                 [0 0 0]
                 [0 0 0]
                 [0 0 0]
                 [0 0 0]
                 [0 0 0]
                 [0 0 0]
                 [0 0 0]
                 [0 0 0]
                 [0 0 0]
                 [0 0 0]
                 [0 0 0]
                 [0 0 0]
                 [0 0 0]
                 [0 0 0]
                 [0 0 0]
                 [0 0 0]
                 [0 0 0]
                 [0 0 0]
                 [0 0 0]
                 [0 0 0]
                 [0 0 0]
                 [0 0 0]
                 [0 0 0]
                 [0 0 0]
                 [0 0 0]
                 [0 0 0]
                 [0 0 0]
                 [0 0 0]
                 [0 0 0]
                 [0 0 0]
                 [0 0 0]
                 [0 0 0]
                 [0 0 0]
                 [0 0 0]
                 [0 0 0]
                 [0 0 0]
                 [0 0 0]
                 [0 0 0]
                 [0 0 0]
                 [0 0 0]
                 [0 0 0]
                 [0 0 0]]
             [[0 0 0]
                 [0 0 0]
                 [0 0 0]
                 [0 0 0]
                 [0 0 0]
                 [0 0 0]
                 [0 0 0]
                 [0 0 0]
                 [0 0 0]
                 [0 0 0]
                 [0 0 0]
                 [0 0 0]
                 [0 0 0]
                 [0 0 0]
                 [0 0 0]
                 [0 0 0]
                 [0 0 0]
                 [0 0 0]
                 [0 0 0]
                 [0 0 0]
                 [0 0 0]
                 [0 0 0]
                 [0 0 0]
                 [0 0 0]
                 [0 0 0]
                 [0 0 0]
                 [0 0 0]
                 [0 0 0]
                 [0 0 0]
                 [0 0 0]
                 [0 0 0]
                 [0 0 0]
                 [0 0 0]
                 [0 0 0]
                 [0 0 0]
                 [0 0 0]
                 [0 0 0]
                 [0 0 0]
                 [0 0 0]
                 [0 0 0]
                 [0 0 0]
                 [0 0 0]
                 [0 0 0]
                 [0 0 0]
                 [0 0 0]
                 [0 0 0]
                 [0 0 0]
                 [0 0 0]
                 [0 0 0]
                 [0 0 0]
                 [0 0 0]
                 [0 0 0]
                 [0 0 0]
                 [0 0 0]
                 [0 0 0]
                 [0 0 0]
                 [0 0 0]
                 [0 0 0]
                 [0 0 0]
                 [0 0 0]
                 [0 0 0]]
             [[0 0 0]
                 [0 0 0]
                 [0 0 0]
                 [0 0 0]
                 [0 0 0]
                 [0 0 0]
                 [0 0 0]
                 [0 0 0]
                 [0 0 0]
                 [0 0 0]
                 [0 0 0]
                 [0 0 0]
                 [0 0 0]
                 [0 0 0]
                 [0 0 0]
                 [0 0 0]
                 [0 0 0]
                 [0 0 0]
                 [0 0 0]
                 [0 0 0]
                 [0 0 0]
                 [0 0 0]
                 [0 0 0]
                 [0 0 0]
                 [0 0 0]
                 [0 0 0]
                 [0 0 0]
                 [0 0 0]
                 [0 0 0]
                 [0 0 0]
                 [0 0 0]
                 [0 0 0]
                 [0 0 0]
                 [0 0 0]
                 [0 0 0]
                 [0 0 0]
                 [0 0 0]
                 [0 0 0]
                 [0 0 0]
                 [0 0 0]
                 [0 0 0]
                 [0 0 0]
                 [0 0 0]
                 [0 0 0]
                 [0 0 0]
                 [0 0 0]
                 [0 0 0]
                 [0 0 0]
                 [0 0 0]
                 [0 0 0]
                 [0 0 0]
                 [0 0 0]
                 [0 0 0]
                 [0 0 0]
                 [0 0 0]
                 [0 0 0]
                 [0 0 0]
                 [0 0 0]
                 [0 0 0]
                 [0 0 0]
                 [0 0 0]]
             [[0 0 0]
                 [0 0 0]
                 [0 0 0]
                 [0 0 0]
                 [0 0 0]
                 [0 0 0]
                 [0 0 0]
                 [0 0 0]
                 [0 0 0]
                 [0 0 0]
                 [0 0 0]
                 [0 0 0]
                 [0 0 0]
                 [0 0 0]
                 [0 0 0]
                 [0 0 0]
                 [0 0 0]
                 [0 0 0]
                 [0 0 0]
                 [0 0 0]
                 [0 0 0]
                 [0 0 0]
                 [0 0 0]
                 [0 0 0]
                 [0 0 0]
                 [0 0 0]
                 [0 0 0]
                 [0 0 0]
                 [0 0 1]
                 [0 0 0]
                 [0 0 0]
                 [0 0 0]
                 [0 0 0]
                 [0 0 0]
                 [0 0 0]
                 [0 0 0]
                 [0 0 0]
                 [0 0 0]
                 [0 0 0]
                 [0 0 0]
                 [0 0 0]
                 [0 0 0]
                 [0 0 0]
                 [0 0 0]
                 [0 0 0]
                 [0 0 0]
                 [0 0 0]
                 [0 0 0]
                 [0 0 0]
                 [0 0 0]
                 [0 0 0]
                 [0 0 0]
                 [0 0 0]
                 [0 0 0]
                 [0 0 0]
                 [0 0 0]
                 [0 0 0]
                 [0 0 0]
                 [0 0 0]
                 [0 0 0]
                 [0 0 0]]
             [[0 0 0]
                 [0 0 0]
                 [0 0 0]
                 [0 0 0]
                 [0 0 0]
                 [0 0 0]
                 [0 0 0]
                 [0 0 0]
                 [0 0 0]
                 [0 0 0]
                 [0 0 0]
                 [0 0 0]
                 [0 0 0]
                 [0 0 0]
                 [0 0 0]
                 [0 0 0]
                 [0 0 0]
                 [0 0 0]
                 [0 0 0]
                 [0 0 0]
                 [0 0 0]
                 [0 0 0]
                 [0 0 0]
                 [0 0 0]
                 [0 0 0]
                 [0 0 0]
                 [0 0 0]
                 [0 0 0]
                 [0 0 0]
                 [0 0 0]
                 [0 0 0]
                 [0 0 0]
                 [0 0 0]
                 [0 0 0]
                 [0 0 0]
                 [0 0 0]
                 [0 0 0]
                 [0 0 0]
                 [0 0 0]
                 [0 0 0]
                 [0 0 0]
                 [0 0 0]
                 [0 0 0]
                 [0 0 0]
                 [0 0 0]
                 [0 0 0]
                 [0 0 0]
                 [0 0 0]
                 [0 0 0]
                 [0 0 0]
                 [0 0 0]
                 [0 0 0]
                 [0 0 0]
                 [0 0 0]
                 [0 0 0]
                 [0 0 0]
                 [0 0 0]
                 [0 0 0]
                 [0 0 0]
                 [0 0 0]
                 [0 0 0]]
             [[0 0 0]
                 [0 0 0]
                 [0 0 0]
                 [0 0 0]
                 [0 0 0]
                 [0 0 0]
                 [0 0 0]
                 [0 0 0]
                 [0 0 0]
                 [0 0 0]
                 [0 0 0]
                 [0 0 0]
                 [0 0 0]
                 [0 0 0]
                 [0 1 0]
                 [0 0 0]
                 [0 0 0]
                 [0 0 0]
                 [0 0 0]
                 [0 0 0]
                 [0 0 0]
                 [0 0 0]
                 [0 0 0]
                 [0 0 0]
                 [0 0 0]
                 [0 0 0]
                 [0 0 0]
                 [0 0 0]
                 [0 0 0]
                 [0 0 0]
                 [0 0 0]
                 [0 0 0]
                 [0 0 0]
                 [0 0 0]
                 [0 0 0]
                 [0 0 0]
                 [0 0 0]
                 [0 0 0]
                 [0 0 0]
                 [0 0 0]
                 [0 0 0]
                 [0 0 0]
                 [0 0 0]
                 [0 0 0]
                 [0 0 0]
                 [0 0 0]
                 [0 0 0]
                 [0 0 0]
                 [0 0 0]
                 [0 0 0]
                 [0 0 0]
                 [0 0 0]
                 [0 0 0]
                 [0 0 0]
                 [0 0 0]
                 [0 0 0]
                 [0 0 0]
                 [0 0 0]
                 [0 0 0]
                 [0 0 0]
                 [0 0 0]]
             [[0 0 0]
                 [0 0 0]
                 [0 0 0]
                 [0 0 0]
                 [0 0 0]
                 [0 0 0]
                 [0 0 0]
                 [0 0 0]
                 [0 0 0]
                 [0 0 0]
                 [0 0 0]
                 [0 0 0]
                 [0 0 0]
                 [0 0 0]
                 [0 0 0]
                 [0 0 0]
                 [0 0 0]
                 [0 0 0]
                 [0 0 0]
                 [0 0 0]
                 [0 0 0]
                 [0 0 0]
                 [0 0 0]
                 [0 0 0]
                 [0 0 0]
                 [0 0 0]
                 [0 0 0]
                 [0 0 0]
                 [0 0 0]
                 [0 0 0]
                 [0 0 0]
                 [0 0 0]
                 [0 0 0]
                 [0 0 0]
                 [0 0 0]
                 [0 0 0]
                 [0 0 0]
                 [0 0 0]
                 [0 0 0]
                 [0 0 0]
                 [0 0 0]
                 [0 0 0]
                 [0 0 0]
                 [0 0 0]
                 [0 0 0]
                 [0 0 0]
                 [0 0 0]
                 [0 0 0]
                 [0 0 0]
                 [0 0 0]
                 [0 0 0]
                 [0 0 0]
                 [0 0 0]
                 [0 0 0]
                 [0 0 0]
                 [0 0 0]
                 [0 0 0]
                 [0 0 0]
                 [0 0 0]
                 [0 0 0]
                 [0 0 0]]
             [[0 0 0]
                 [0 0 0]
                 [0 0 0]
                 [0 0 0]
                 [0 0 0]
                 [0 0 0]
                 [0 0 0]
                 [0 0 0]
                 [0 0 0]
                 [0 0 0]
                 [0 0 0]
                 [0 0 0]
                 [0 0 0]
                 [0 0 0]
                 [0 0 0]
                 [0 0 0]
                 [0 0 0]
                 [0 0 0]
                 [0 0 0]
                 [0 0 0]
                 [0 0 0]
                 [0 0 0]
                 [0 0 0]
                 [0 0 0]
                 [0 0 0]
                 [0 0 0]
                 [0 0 0]
                 [0 0 0]
                 [0 0 0]
                 [0 0 0]
                 [0 0 0]
                 [0 0 0]
                 [0 0 0]
                 [0 0 0]
                 [0 0 0]
                 [0 0 0]
                 [0 0 0]
                 [0 0 0]
                 [0 0 0]
                 [0 0 0]
                 [0 0 0]
                 [0 0 0]
                 [0 0 0]
                 [0 0 0]
                 [0 0 0]
                 [0 0 0]
                 [0 0 0]
                 [0 0 0]
                 [0 0 0]
                 [0 0 0]
                 [0 0 0]
                 [0 0 0]
                 [0 0 0]
                 [0 0 0]
                 [0 0 0]
                 [0 0 0]
                 [0 0 0]
                 [0 0 0]
                 [0 0 0]
                 [0 0 0]
                 [0 0 0]]
             [[0 0 0]
                 [0 0 0]
                 [0 0 0]
                 [0 0 0]
                 [0 0 0]
                 [0 0 0]
                 [0 0 0]
                 [0 0 0]
                 [0 0 0]
                 [0 0 0]
                 [0 0 0]
                 [0 0 0]
                 [0 0 0]
                 [0 0 0]
                 [0 0 0]
                 [0 0 0]
                 [0 0 0]
                 [0 0 0]
                 [0 0 0]
                 [0 0 0]
                 [0 0 0]
                 [0 0 0]
                 [0 0 0]
                 [0 0 0]
                 [0 0 0]
                 [0 0 0]
                 [0 0 0]
                 [0 0 0]
                 [0 0 0]
                 [0 0 0]
                 [0 0 0]
                 [0 0 0]
                 [0 0 0]
                 [0 0 0]
                 [0 0 0]
                 [0 0 0]
                 [0 0 0]
                 [0 0 0]
                 [0 0 0]
                 [0 0 0]
                 [0 0 0]
                 [0 0 0]
                 [0 0 0]
                 [0 0 0]
                 [0 0 0]
                 [0 0 0]
                 [0 0 0]
                 [0 0 0]
                 [0 0 0]
                 [0 0 0]
                 [0 0 0]
                 [0 0 0]
                 [0 0 0]
                 [0 0 0]
                 [0 0 0]
                 [0 0 0]
                 [0 0 0]
                 [0 0 0]
                 [0 0 0]
                 [0 0 0]
                 [0 0 0]]
             [[0 0 0]
                 [0 0 0]
                 [0 0 0]
                 [0 0 0]
                 [0 0 0]
                 [0 0 0]
                 [0 0 0]
                 [0 0 0]
                 [0 0 0]
                 [0 0 0]
                 [0 0 0]
                 [0 0 0]
                 [0 0 0]
                 [0 0 0]
                 [0 0 0]
                 [0 0 0]
                 [0 0 0]
                 [0 0 0]
                 [0 0 0]
                 [0 0 0]
                 [0 0 0]
                 [0 0 0]
                 [0 0 0]
                 [0 0 0]
                 [0 0 0]
                 [0 0 0]
                 [0 0 0]
                 [0 0 0]
                 [0 0 0]
                 [0 0 0]
                 [0 0 0]
                 [0 0 0]
                 [0 0 0]
                 [0 0 0]
                 [0 0 0]
                 [0 0 0]
                 [0 0 0]
                 [0 0 0]
                 [0 0 0]
                 [0 0 0]
                 [0 0 0]
                 [0 0 0]
                 [0 0 0]
                 [0 0 0]
                 [0 0 0]
                 [0 0 0]
                 [0 0 0]
                 [0 0 0]
                 [0 0 0]
                 [0 0 0]
                 [0 0 0]
                 [0 0 0]
                 [0 0 0]
                 [0 0 0]
                 [0 0 0]
                 [0 0 0]
                 [0 0 0]
                 [0 0 0]
                 [0 0 0]
                 [0 0 0]
                 [0 0 0]]
             [[0 0 0]
                 [0 0 0]
                 [0 0 0]
                 [0 0 0]
                 [0 0 0]
                 [0 0 0]
                 [0 0 0]
                 [0 0 0]
                 [0 0 0]
                 [0 0 0]
                 [0 0 0]
                 [0 0 0]
                 [0 0 0]
                 [0 0 0]
                 [0 0 0]
                 [0 0 0]
                 [0 0 0]
                 [0 0 0]
                 [0 0 0]
                 [0 0 0]
                 [0 0 0]
                 [0 0 0]
                 [0 0 0]
                 [0 0 0]
                 [0 0 0]
                 [0 0 0]
                 [0 0 0]
                 [0 0 0]
                 [0 0 0]
                 [0 0 0]
                 [0 0 0]
                 [0 0 0]
                 [0 0 0]
                 [0 0 0]
                 [0 0 0]
                 [0 0 0]
                 [0 0 0]
                 [0 0 0]
                 [0 0 0]
                 [0 0 0]
                 [0 0 0]
                 [0 0 0]
                 [0 0 0]
                 [0 0 0]
                 [0 0 0]
                 [0 0 0]
                 [0 0 0]
                 [0 0 0]
                 [0 0 0]
                 [0 0 0]
                 [0 0 0]
                 [0 0 0]
                 [0 0 0]
                 [0 0 0]
                 [0 0 0]
                 [0 0 0]
                 [0 0 0]
                 [0 0 0]
                 [0 0 0]
                 [0 0 0]
                 [0 0 0]]
             [[0 0 0]
                 [0 0 0]
                 [0 0 0]
                 [0 0 0]
                 [0 0 0]
                 [0 0 0]
                 [0 0 0]
                 [0 0 0]
                 [0 0 0]
                 [0 0 0]
                 [0 0 0]
                 [0 0 0]
                 [0 0 0]
                 [0 0 0]
                 [0 0 0]
                 [0 0 0]
                 [0 0 0]
                 [0 0 0]
                 [0 0 0]
                 [0 0 0]
                 [0 0 0]
                 [0 0 0]
                 [0 0 0]
                 [0 0 0]
                 [0 0 0]
                 [0 0 0]
                 [0 0 0]
                 [0 0 0]
                 [0 0 0]
                 [0 0 0]
                 [0 0 0]
                 [0 0 0]
                 [0 0 0]
                 [0 0 0]
                 [0 0 0]
                 [0 0 0]
                 [0 0 0]
                 [0 0 0]
                 [0 0 0]
                 [0 0 0]
                 [0 0 0]
                 [0 0 0]
                 [0 0 0]
                 [0 0 1]
                 [0 0 0]
                 [0 0 0]
                 [0 0 0]
                 [0 0 0]
                 [0 0 0]
                 [0 0 0]
                 [0 0 0]
                 [0 0 0]
                 [0 0 0]
                 [0 0 0]
                 [0 0 0]
                 [0 0 0]
                 [0 0 0]
                 [0 0 0]
                 [0 0 0]
                 [0 0 0]
                 [0 0 0]]
             [[0 0 0]
                 [0 0 0]
                 [0 0 0]
                 [0 0 0]
                 [0 0 0]
                 [0 0 0]
                 [0 0 0]
                 [0 0 0]
                 [0 0 0]
                 [0 0 0]
                 [0 0 0]
                 [0 0 0]
                 [0 0 0]
                 [0 0 0]
                 [0 0 0]
                 [0 0 0]
                 [0 0 0]
                 [0 0 0]
                 [0 0 0]
                 [0 0 0]
                 [0 0 0]
                 [0 0 0]
                 [0 0 0]
                 [0 0 0]
                 [0 0 0]
                 [0 0 0]
                 [0 0 0]
                 [0 0 0]
                 [0 0 0]
                 [0 0 0]
                 [0 0 0]
                 [0 0 0]
                 [0 0 0]
                 [0 0 0]
                 [0 0 0]
                 [0 0 0]
                 [0 0 0]
                 [0 0 0]
                 [0 0 0]
                 [0 0 0]
                 [0 0 0]
                 [0 0 0]
                 [0 0 0]
                 [0 0 0]
                 [0 0 0]
                 [0 0 0]
                 [0 0 0]
                 [0 0 0]
                 [0 0 0]
                 [0 0 0]
                 [0 0 0]
                 [0 0 0]
                 [0 0 0]
                 [0 0 0]
                 [0 0 0]
                 [0 0 0]
                 [0 0 0]
                 [0 0 0]
                 [0 0 0]
                 [0 0 0]
                 [0 0 0]]
             [[0 0 0]
                 [0 0 0]
                 [0 0 0]
                 [0 0 0]
                 [0 0 0]
                 [0 0 0]
                 [0 0 0]
                 [0 0 0]
                 [0 0 0]
                 [0 0 0]
                 [0 0 0]
                 [0 0 0]
                 [0 0 0]
                 [0 0 0]
                 [0 0 0]
                 [0 0 0]
                 [0 0 0]
                 [0 0 0]
                 [0 0 0]
                 [0 0 0]
                 [0 0 0]
                 [0 0 0]
                 [0 0 0]
                 [0 0 0]
                 [0 0 0]
                 [0 0 0]
                 [0 0 0]
                 [0 0 0]
                 [0 0 0]
                 [0 0 0]
                 [0 0 0]
                 [0 0 0]
                 [0 0 0]
                 [0 0 0]
                 [0 0 0]
                 [0 0 0]
                 [0 0 0]
                 [0 0 0]
                 [0 0 0]
                 [0 0 0]
                 [0 0 0]
                 [0 0 0]
                 [0 0 0]
                 [0 0 0]
                 [0 0 0]
                 [0 0 0]
                 [0 0 0]
                 [0 0 0]
                 [0 0 0]
                 [0 0 0]
                 [0 0 0]
                 [0 0 0]
                 [0 0 0]
                 [0 0 0]
                 [0 0 0]
                 [0 0 0]
                 [0 0 0]
                 [0 0 0]
                 [0 0 0]
                 [0 0 0]
                 [0 0 0]]];
b = [[1 1 1 1 1 1 1 1 1 1 1 1 1 1 1 1 1 1 1 1 1 1 1 1 1 1 1 1 1 1 1 1 1 1 1
             1 1 1 1 1 1 1 1 1 1 1 1 1 1 1 1 1 1 1 1 1 1 1 1 1]];
z = [[0 1 1 0 0 0 0 1 0 0 0 0 0 0 0 1 0 0 0 0 0 0 0 0 0 0 0 0 0 0 0 0 0 1 0
             0 0 0 0 0 0 0 0 0 0 1 0 0 0 0 0 0 0 0 0 0 0 0 0 0]
             [0 0 0 0 0 0 0 0 0 0 0 0 0 1 0 0 0 0 0 0 0 0 0 0 0 1 0 0 0 0 0
             1 0 0 0 0 0 0 0 0 0 0 0 0 0 0 0 0 0 0 0 1 0 0 0 0 0 0 0 0]
             [0 0 0 0 0 0 0 0 0 0 0 0 0 0 0 0 0 0 0 0 0 0 0 0 0 0 0 1 0 0 0
             0 0 0 0 0 0 0 0 0 0 1 1 1 0 0 0 0 0 1 0 0 0 0 0 0 0 1 0 0]];
kapa = [[-Infinity -Infinity -Infinity]
             [1050 1050 1050]
             [32487 3480 3480]
             [29007 9000 9000]
             [3825 3825 3825]
             [2565 2565 2565]
             [6678 6678 6678]
             [3080 3080 3080]
             [9836 5706 5706]
             [1680 1680 1680]
             [4200 4200 4200]
             [12513 12513 12513]
             [5711 5711 5711]
             [14810 14810 14810]
             [10630 29265 10630]
             [11448 45000 11448]
             [1050 1050 1050]
             [45000 1050 1050]
             [1050 1050 1050]
             [3480 3480 3480]
             [45000 3480 3480]
             [3480 3480 3480]
             [9000 9000 9000]
             [9000 9000 9000]
             [9000 9000 9000]
             [3825 3825 3825]
             [3825 3825 3825]
             [3825 3825 3825]
             [2565 2565 8276]
             [45000 2565 2565]
             [2565 2565 2565]
             [6678 6678 6678]
             [6678 35943 6678]
             [6678 6678 6678]
             [4130 3080 3080]
             [3080 3080 3080]
             [3080 3080 3080]
             [5706 5706 5706]
             [5706 5706 5706]
             [5706 5706 5706]
             [1680 1680 1680]
             [1680 1680 1680]
             [1680 1680 25604]
             [4200 45000 23924]
             [4200 4200 4200]
             [4200 4200 4200]
             [45000 12513 12513]
             [12513 12513 12513]
             [12513 12513 12513]
             [5711 5711 5711]
             [5711 5711 5711]
             [5711 5711 5711]
             [14810 18635 14810]
             [14810 14810 14810]
             [14810 14810 14810]
             [10630 10630 10630]
             [10630 10630 10630]
             [10630 10630 10630]
             [11448 11448 19724]
             [11448 11448 11448]
             [11448 11448 11448]];



