/*********************************************
 * OPL 12.8.0.0 Model
 * Author: sebashc
 * Creation Date: 18/05/2018 at 4:11:38 p. m.
 *********************************************/
 execute
{
cplex.tilim=1800;
cplex.epgap=0.01;
} 
 
/***Constants***/
int depots=1; // Number of depots
int positions=88; // Number of current positions + (current positions + posibles positions)
int currentPositions=22; // Current positions
int vehicles=3; // Number of vehicles
//int maxCompartments=153; // Number of max compartments of the vehicle

/***Sets***/
range D=1..depots; // Set of depots
range V=1..depots+positions; // Set of vertices
range S=depots+1..depots+positions; // Set of current positions + posibles positions
range A=depots+1..depots+currentPositions; // Set of current positions
range K=1..vehicles; // Set of vehicles
//range M=1..maxCompartments; // Set of posibles configurations of compartments

/***Parametres***/
float c[V][V]=
[[0, 47.0106, 41.8808, 49.7393, 62.6259, 64.4438, 35.7771, 27.7849, 45, 37.1214, 33.5261, 22.0227, 7.07107, 30.8058, 49.0408, 65.2533, 54.7083, 63.9531, 22.0227, 43.9318, 50.2494, 60.7289, 80.7217, 50, 44.0454, 49.5782, 44.4185, 42.0595, 43.6005, 46.6476, 47.0106, 50.5371, 60, 59.8164, 66.0681, 65.7647, 64.0312, 66.7083, 33.6155, 33.121, 33.1059, 28.6007, 24.1868, 25.2389, 48.0104, 47.4342, 44.1022, 38.5876, 39.8121, 34, 36.1386, 33.7343, 32.5576, 25, 25.02, 22.3607, 8.06226, 8.94427, 9.05539, 33.7343, 32.573, 27.6586, 52.0384, 49.0102, 46.0435, 65.146, 66.0984, 67.0522, 52.2015, 56.0446, 53.8516, 63.5059, 66.9104, 62.5859, 19.0263, 19, 23.3452, 46.8722, 47.0744, 41.2311, 46.6905, 53.2635, 51.8556, 63.0635, 57.8705, 57.9741, 82.7587, 82.9759, 78.7464],
[47.0106, 0, 15.2315, 18.4391, 78.0256, 77.2334, 13.9284, 57.7754, 65.7647, 46.1736, 39.3192, 33.541, 41.0366, 36.6742, 43.8292, 39.4462, 30.4795, 58.8218, 65.307, 82.4621, 71.4493, 102.927, 96.1353, 3.16228, 3.16228, 4, 16.6433, 18.7883, 12.53, 17.0294, 18.4391, 21.2603, 77.0065, 76, 80.1561, 76.531, 79.0569, 80.2247, 17.088, 15.2643, 16.5529, 55.7136, 55.9017, 55.0364, 68.593, 68.7314, 67.2681, 49.163, 46.0109, 45.5412, 38.0526, 36.2215, 35.3553, 31.3847, 32.311, 36.2491, 39.0512, 38.2884, 41.0366, 36.2215, 39.4588, 36.4006, 45.2769, 41.1825, 42.5441, 37.1214, 38.0132, 38.9102, 30.4138, 33.3017, 32.5269, 56.4004, 60.6053, 60.208, 62.6099, 63.0635, 65, 85.3756, 85.1469, 79.3095, 69.1809, 72.0069, 70.859, 104.446, 100.404, 99.6444, 98.9798, 97.1442, 93.3006],
[41.8808, 15.2315, 0, 8.24621, 85.5102, 85.3756, 21.0238, 59.6825, 71.1126, 52.9528, 45.8912, 36.0139, 37.5766, 42.5793, 28.6531, 28.6356, 18.0278, 44.0454, 56.4004, 70.9366, 57.0351, 101.637, 80.9568, 17.72, 13.0384, 14.1421, 3, 3.60555, 3, 5.09902, 6, 10, 84.0119, 83.1865, 88.0738, 85.1645, 86.6833, 88.295, 23.4094, 19.9249, 22.1359, 58.3095, 57.0701, 56.7186, 74.1687, 74.108, 72.0069, 55.9017, 53.6004, 51.4781, 45.607, 43.1741, 41.9762, 35.0571, 36.0555, 39.0128, 34.8855, 34.4384, 38.6264, 43.1741, 45.7056, 41.1947, 30.2324, 26.0768, 27.313, 27.1662, 28.1603, 29.1548, 17, 20.6155, 19.2354, 41.7732, 46.0109, 45.2217, 54.037, 54.6717, 55.4707, 73.736, 73.3894, 67.7791, 55.0091, 57.3149, 56.2228, 103.619, 98.8989, 98.6154, 83.8153, 81.9329, 78.1089],
[49.7393, 18.4391, 8.24621, 0, 93.0591, 92.7631, 27.8927, 67.897, 79.0253, 60.531, 53.4603, 44.1022, 45.6946, 50.2494, 27.6586, 21.5407, 12.0416, 41.1825, 63.0317, 76.0263, 59.3043, 109.772, 80.8084, 19.8494, 17.4929, 15.6205, 5.38516, 7.81025, 8.06226, 3.16228, 2.82843, 2.82843, 91.6624, 90.7965, 95.5249, 92.4175, 94.2019, 95.7079, 30.5941, 27.2947, 29.4279, 66.4831, 65.307, 64.9384, 82.0549, 82.0244, 80.0062, 63.5059, 61, 59.2115, 52.9528, 50.636, 49.4975, 43, 44, 47.0956, 42.9535, 42.5441, 46.8188, 50.636, 53.3385, 49.0408, 28.4605, 24.7386, 27.1662, 19.6469, 20.6155, 21.587, 12.2066, 14.8661, 14.2127, 38.5876, 42.72, 42.9535, 60.8276, 61.5224, 61.8466, 78.721, 78.2943, 72.8972, 57.7062, 59.0339, 58.0775, 111.79, 107.019, 106.775, 83.7437, 81.4923, 77.8781],
[62.6259, 78.0256, 85.5102, 93.0591, 0, 4.12311, 65.3758, 35.3553, 17.6918, 32.5576, 39.6232, 50.9215, 59.3633, 42.9535, 106.231, 114.14, 103.368, 122.654, 78.8733, 100.439, 112.805, 57.7062, 143.283, 79.0063, 77.1622, 82.0244, 88.459, 88.0738, 85, 90.2552, 91.4112, 95.352, 3.16228, 2.82843, 3.60555, 7.28011, 1.41421, 4.47214, 62.514, 65.7647, 63.6396, 34.0588, 38.8973, 37.5366, 14.8661, 15.6205, 19.2094, 29.6142, 32.1403, 34.2053, 40.1995, 42.4264, 43.566, 50.9608, 50, 48.1041, 61.9112, 61.4003, 56.6039, 42.4264, 39.8121, 44.643, 109.005, 105.109, 103.47, 112.614, 113.6, 114.586, 101.868, 105.759, 104.048, 121.462, 125.399, 122.102, 76.5768, 75.9276, 81.5659, 102.903, 103.47, 98.6002, 109.225, 115.884, 114.477, 56.2939, 57.3149, 54.4518, 145.248, 145.578, 141.354],
[64.4438, 77.2334, 85.3756, 92.7631, 4.12311, 0, 64.9384, 37.6431, 20, 32.573, 39.5601, 51.4781, 60.803, 43.0116, 106.93, 114.004, 103.325, 123.438, 81.4002, 103.175, 114.691, 61.8142, 145.165, 78.0577, 76.531, 81.2219, 88.295, 88.0568, 84.7231, 90.0278, 91.2195, 95.1262, 7, 6.08276, 3.16228, 3.16228, 3.60555, 3, 62.1691, 65.5134, 63.3482, 36.0694, 41.1096, 39.6232, 17.4929, 18.3576, 21.9545, 29.7321, 31.7805, 34.5398, 39.8121, 42.2019, 43.4166, 51.264, 50.3289, 48.7545, 63.2456, 62.6817, 58.0086, 42.2019, 39.8497, 44.9444, 109.659, 105.702, 104.216, 112.379, 113.358, 114.337, 101.922, 105.773, 104.12, 122.156, 126.143, 123.004, 79.0253, 78.4092, 84.0238, 105.688, 106.231, 101.257, 111.126, 117.686, 116.276, 60.4152, 61.4003, 58.5491, 147.187, 147.411, 143.178],
[35.7771, 13.9284, 21.0238, 27.8927, 65.3758, 64.9384, 0, 43.8634, 52.2398, 33.0151, 26, 19.7231, 29.1548, 23.0868, 47.3814, 49.3356, 39, 63.7024, 56.0446, 75.326, 69.2604, 89.3085, 96.6023, 16.1245, 12.1655, 17.72, 23.7697, 24.1868, 19.9249, 25.2982, 26.5707, 30.3645, 64.1249, 63.1981, 67.7422, 64.5368, 66.4831, 67.897, 3.16228, 3, 2.82843, 41.7852, 42.0595, 41.1461, 55.1453, 55.2268, 53.6004, 36.0139, 33.2415, 32.0624, 25.1794, 23.0217, 22, 17.4642, 18.3848, 22.3607, 27.7308, 26.8328, 28.6007, 23.0217, 26.0192, 22.561, 49.5177, 45.2769, 45.3431, 47.5395, 48.5077, 49.4773, 38.0132, 41.6293, 40.2492, 61.7171, 65.9469, 64.3506, 53.1601, 53.4509, 56.2939, 78.3135, 78.2304, 72.2496, 66.4831, 70.5762, 69.2892, 90.7359, 86.8389, 85.9826, 99.2824, 98.0051, 93.9415],
[27.7849, 57.7754, 59.6825, 67.897, 35.3553, 37.6431, 43.8634, 0, 17.6918, 20.2485, 22.8035, 24.3516, 25.9615, 23.3452, 74.7329, 87.0517, 76.0592, 90.5207, 43.8292, 65.8635, 77.6209, 46.6905, 108.074, 59.9333, 55.7136, 61.4654, 62.6498, 61.2944, 60.208, 64.7765, 65.6201, 69.5845, 32.5576, 32.5269, 38.8973, 39.4081, 36.7696, 39.6232, 40.7185, 42.72, 41.2311, 3.16228, 3.60555, 3, 20.5183, 19.8494, 16.4012, 19.4165, 23.0868, 17.8885, 25.807, 25.4951, 25.4558, 26.4008, 25.4951, 21.5407, 28.8617, 28.6356, 23.5372, 25.4951, 22.0227, 22.2036, 77.666, 74.1485, 71.8053, 86.209, 87.2066, 88.2043, 74.0068, 78.0064, 76, 89.7385, 93.4077, 89.493, 41.4005, 40.8044, 46.4004, 68.4763, 68.9638, 63.8122, 74.027, 80.8022, 79.404, 47.634, 44.5533, 43.1856, 109.986, 110.422, 106.212],
[45, 65.7647, 71.1126, 79.0253, 17.6918, 20, 52.2398, 17.6918, 0, 19.9249, 26.4764, 35.3553, 42.0595, 29.1548, 89.8109, 99.5038, 88.5664, 106.042, 61.4003, 83.2166, 95.1315, 50.0899, 125.607, 67.2681, 64.3817, 69.7209, 74.108, 73.3348, 71.007, 76.0592, 77.1038, 81.0987, 15, 14.8661, 21.2132, 21.9545, 19.105, 21.9317, 49.163, 52.0384, 50.0899, 16.4012, 21.2132, 19.8494, 3.16228, 3, 3.16228, 17.088, 21.0238, 20.2237, 28.1603, 29.6142, 30.4138, 36.0555, 35.0571, 32.3883, 44.7214, 44.2832, 39.3573, 29.6142, 26.3059, 30, 92.6553, 88.8876, 86.977, 98.2497, 99.2472, 100.245, 86.8332, 90.7965, 88.955, 105.005, 108.849, 105.309, 59.0339, 58.4123, 64.0312, 85.7555, 86.2844, 81.2711, 91.5478, 98.2344, 96.8298, 49.7393, 48.8467, 46.5188, 127.562, 127.914, 123.693],
[37.1214, 46.1736, 52.9528, 60.531, 32.5576, 32.573, 33.0151, 20.2485, 19.9249, 0, 7.07107, 19.4165, 31.6228, 10.4403, 74.7061, 81.5843, 70.8308, 91.3017, 57.8705, 80.3243, 86.0523, 65.437, 116.181, 47.5184, 45.0111, 50.1597, 55.9017, 55.5428, 52.469, 57.7062, 58.8558, 62.8013, 31.1448, 30.2655, 35.171, 32.6956, 33.7343, 35.4401, 30.0666, 33.2415, 31.1448, 17.088, 21.3776, 19.4165, 22.561, 22.8035, 21.9317, 3, 3, 3.16228, 8.24621, 10, 11.0454, 18.7883, 17.8885, 17.0294, 33.4216, 32.6497, 28.8444, 10, 7.28011, 12.53, 77.3692, 73.3485, 72.0694, 80.0625, 81.0494, 82.0366, 69.3758, 73.2462, 71.5681, 89.8944, 93.9415, 91.0659, 55.0273, 54.7083, 59.808, 83.1685, 83.4865, 77.8332, 82.6196, 88.6172, 87.2066, 65.8559, 63.6003, 61.8466, 118.444, 118.191, 113.952],
[33.5261, 39.3192, 45.8912, 53.4603, 39.6232, 39.5601, 26, 22.8035, 26.4764, 7.07107, 0, 13.4536, 27.313, 3.60555, 68.0955, 74.5252, 63.7887, 84.7231, 55.109, 77.3692, 81.0247, 69.3109, 110.887, 40.7922, 38.0526, 43.2897, 48.8365, 48.5077, 45.3982, 50.636, 51.788, 55.7315, 38.2099, 37.3363, 42.2019, 39.5601, 40.7922, 42.45, 23.0217, 26.1725, 24.0832, 19.8494, 22.8254, 21.095, 29.2746, 29.4279, 28.1603, 10.0499, 8.06226, 6.32456, 3.16228, 3.16228, 4, 12.2066, 11.4018, 11.6619, 28.6531, 27.7849, 24.6982, 3.16228, 1, 6.40312, 70.7107, 66.6483, 65.5134, 72.9931, 73.9797, 74.9667, 62.3618, 66.2193, 64.5601, 83.2406, 87.3212, 84.5991, 52.1728, 51.9711, 56.7539, 80.2808, 80.5233, 74.7262, 77.666, 83.4086, 82.0061, 70.0357, 67.2681, 65.7647, 113.23, 112.805, 108.577],
[22.0227, 33.541, 36.0139, 44.1022, 50.9215, 51.4781, 19.7231, 24.3516, 35.3553, 19.4165, 13.4536, 0, 15.1327, 10, 55.4617, 64.195, 53.2353, 72.0069, 44.0454, 65.7647, 67.6757, 69.6348, 97.4526, 35.8469, 31.3847, 37.1618, 39.0128, 38.0526, 36.2215, 41.0488, 42.0119, 46.0109, 49.0408, 48.3839, 53.8516, 51.8845, 52.2015, 54.231, 16.6433, 18.3848, 17, 22.561, 22.3607, 21.5407, 38.4708, 38.3275, 36.0555, 21.9545, 21.2603, 17, 15.2643, 12.53, 11.1803, 3.16228, 3, 3, 15.8114, 14.8661, 13, 12.53, 12.7279, 7.07107, 58.1808, 54.231, 52.7731, 63.0317, 64.0312, 65.0308, 51.4781, 55.4437, 53.6004, 70.6824, 74.686, 71.6938, 41.0488, 41.0122, 45.2769, 68.7314, 68.884, 62.9682, 64.3506, 70, 68.6003, 71.0211, 67.2012, 66.2873, 99.8098, 99.3579, 95.1315],
[7.07107, 41.0366, 37.5766, 45.6946, 59.3633, 60.803, 29.1548, 25.9615, 42.0595, 31.6228, 27.313, 15.1327, 0, 24.3516, 48.8365, 62.8013, 51.9711, 64.5601, 29, 50.636, 54.5619, 64.0781, 84.8646, 43.9318, 38.1838, 43.8634, 40.3113, 38.2753, 38.9487, 42.5441, 43.0813, 46.8188, 56.9386, 56.6039, 62.6817, 61.8466, 60.7454, 63.2456, 26.8328, 26.6271, 26.4197, 26, 22.561, 23.0868, 45.1774, 44.7214, 41.6293, 33.4216, 34.1321, 28.6007, 29.7321, 27.2029, 25.9615, 18.0278, 18.1108, 15.8114, 3, 3.16228, 2.82843, 27.2029, 26.4008, 21.1896, 51.788, 48.3735, 45.8912, 62.3699, 63.3482, 64.3273, 49.6488, 53.6004, 51.4781, 63.7887, 67.4463, 63.5689, 26, 26.0192, 30.1496, 53.6004, 53.7587, 47.8539, 51.0882, 57.28, 55.8659, 66.1287, 61.327, 61.0983, 87.046, 86.977, 82.7345],
[30.8058, 36.6742, 42.5793, 50.2494, 42.9535, 43.0116, 23.0868, 23.3452, 29.1548, 10.4403, 3.60555, 10, 24.3516, 0, 64.4981, 71.1969, 60.4152, 81.1234, 52.6118, 74.7329, 77.666, 70.0357, 107.448, 38.3275, 35.2278, 40.6079, 45.5412, 45.1221, 42.19, 47.3814, 48.5077, 52.469, 41.4367, 40.6079, 45.607, 43.0813, 44.1475, 45.8803, 20.025, 23.0217, 21, 20.6155, 22.8035, 21.2603, 32.0624, 32.1403, 30.5941, 13.3417, 11.6619, 9, 5.38516, 3, 2.23607, 8.60233, 7.81025, 8.544, 25.4951, 24.5967, 21.8403, 3, 3.16228, 3.16228, 67.1193, 63.0635, 61.9112, 69.7209, 70.7107, 71.7008, 58.9406, 62.8172, 61.131, 79.6492, 83.7257, 80.9938, 49.6488, 49.4975, 54.1295, 77.666, 77.8781, 72.0347, 74.3303, 80, 78.6003, 70.9366, 67.8822, 66.5282, 109.809, 109.343, 105.119],
[49.0408, 43.8292, 28.6531, 27.6586, 106.231, 106.93, 47.3814, 74.7329, 89.8109, 74.7061, 68.0955, 55.4617, 48.8365, 64.4981, 0, 23.6008, 19.2354, 16.6433, 52, 57.28, 34.176, 108.19, 53.1507, 46.0977, 41.6773, 42.1545, 27.313, 25.0599, 31.305, 27.5136, 26.2488, 25.318, 104.178, 103.619, 109.252, 107.331, 107.541, 109.659, 48.8365, 45.2769, 47.4236, 74.4648, 71.3863, 71.8053, 92.9731, 92.6553, 89.8443, 77.3692, 76.1577, 72.45, 68.7968, 66.0379, 64.6607, 55.9464, 56.8243, 58.1808, 45.8912, 46.0977, 51.1957, 66.0379, 67.6018, 62.1772, 3, 3, 3, 25.5539, 26.0768, 26.6271, 17.0294, 17.72, 16.2788, 15.2315, 19.2354, 16.9706, 50.9215, 51.8652, 49.6588, 59.4643, 58.7963, 54.4518, 33.541, 32.9848, 32.28, 110.887, 105.224, 105.802, 56.0892, 53.8516, 50.2195],
[65.2533, 39.4462, 28.6356, 21.5407, 114.14, 114.004, 49.3356, 87.0517, 99.5038, 81.5843, 74.5252, 64.195, 62.8013, 71.1969, 23.6008, 0, 11, 28, 73.2462, 80.7217, 57.2451, 125.96, 71.0634, 40.2244, 38.9102, 36.0555, 25.7099, 26.1725, 29.4109, 24.0416, 22.8035, 18.9737, 112.614, 111.803, 116.709, 113.759, 115.317, 116.927, 51.923, 48.5077, 50.6952, 86, 84.1487, 84.0536, 102.591, 102.489, 100.245, 84.5281, 82.2253, 80.0625, 74.2159, 71.8053, 70.6116, 63.5059, 64.4981, 67.1863, 59.8415, 59.6825, 64.4981, 71.8053, 74.3303, 69.7209, 21.9545, 21.2603, 25.4951, 3.16228, 3, 3.16228, 13.1529, 9.21954, 11.4018, 25, 28.1603, 31.0644, 71.6938, 72.5603, 71.2811, 82.9759, 82.3286, 77.8332, 56.9386, 55.5428, 55.0364, 128.316, 123.081, 123.227, 74.0608, 71, 68.0661],
[54.7083, 30.4795, 18.0278, 12.0416, 103.368, 103.325, 39, 76.0592, 88.5664, 70.8308, 63.7887, 53.2353, 51.9711, 60.4152, 19.2354, 11, 0, 30.0832, 64.2028, 73.8173, 53.1601, 115.434, 71.4493, 31.8277, 29.4109, 27.5862, 15.2315, 15.2971, 19.2354, 13.8924, 12.53, 9.21954, 101.789, 101, 105.991, 103.16, 104.561, 106.231, 41.4367, 37.9473, 40.1622, 75, 73.171, 73.0616, 91.6624, 91.5478, 89.2749, 73.7564, 71.5681, 69.2315, 63.6003, 61.131, 59.9083, 52.6118, 53.6004, 56.2228, 49.0306, 48.8365, 53.6004, 61.131, 63.561, 58.8558, 19, 16.2788, 19.9249, 10.4403, 11.4018, 12.3693, 2.82843, 2.82843, 3, 27.313, 31.305, 32.28, 62.426, 63.2456, 62.482, 76.2758, 75.7166, 70.8025, 52.2015, 52.1728, 51.4198, 117.72, 112.579, 112.641, 74.4312, 71.8471, 68.469],
[63.9531, 58.8218, 44.0454, 41.1825, 122.654, 123.438, 63.7024, 90.5207, 106.042, 91.3017, 84.7231, 72.0069, 64.5601, 81.1234, 16.6433, 28, 30.0832, 0, 62.9682, 62.7694, 34.7131, 121.202, 43.1045, 60.7454, 57.0088, 56.6039, 42.2019, 40.4599, 46.4004, 41.8808, 40.4969, 38.4708, 120.54, 120.017, 125.718, 123.891, 123.976, 126.143, 65.2993, 61.7171, 63.8905, 90.4434, 87.0919, 87.6413, 109.202, 108.849, 105.948, 93.9415, 92.7847, 89.0056, 85.44, 82.6801, 81.3019, 72.5603, 73.4302, 74.686, 61.6847, 61.9839, 67.0522, 82.6801, 84.2199, 78.7718, 14.2127, 18.4391, 19.2354, 31.0161, 31, 31.0161, 29.0689, 27.5136, 27.313, 3, 3, 3.60555, 62.514, 63.5059, 60.208, 64.3506, 63.5138, 60.4152, 35.805, 31.8277, 31.8277, 124.101, 118.207, 119.067, 46.0977, 43, 40.1123],
[22.0227, 65.307, 56.4004, 63.0317, 78.8733, 81.4002, 56.0446, 43.8292, 61.4003, 57.8705, 55.109, 44.0454, 29, 52.6118, 52, 73.2462, 64.2028, 62.9682, 0, 22.4722, 37.9473, 59.1354, 67.1193, 68.4471, 62.1691, 67.1193, 58.258, 55.3173, 58.8218, 60.3075, 60.208, 62.9365, 75.9276, 76.0592, 82.4621, 83.2346, 80.2808, 83.2406, 54.3415, 53.1601, 53.6004, 45.793, 40.4969, 42.19, 64.0312, 63.2535, 59.6657, 58.8727, 60.7289, 54.7083, 57.8705, 55.5788, 54.4518, 47.0106, 47.0425, 44.2832, 29.1548, 30.1496, 31.0644, 55.5788, 54.1295, 49.4975, 54.7814, 53.2259, 49.2443, 74.0608, 74.8866, 75.7166, 61.4003, 64.6375, 62.426, 63.561, 65.9242, 60.531, 3, 3.16228, 3.16228, 25.2982, 25.632, 20.1246, 34.4819, 41.7612, 40.5216, 62.2896, 56.1427, 57.4282, 68.6003, 69.7711, 65.7419],
[43.9318, 82.4621, 70.9366, 76.0263, 100.439, 103.175, 75.326, 65.8635, 83.2166, 80.3243, 77.3692, 65.7647, 50.636, 74.7329, 57.28, 80.7217, 73.8173, 62.7694, 22.4722, 0, 29.4109, 71.5122, 52.1728, 85.6154, 79.3095, 83.5225, 72.0902, 68.942, 73.736, 73.8241, 73.3485, 75.1798, 97.4166, 97.6524, 104.043, 105.152, 101.833, 104.862, 74.108, 72.3395, 73.171, 68, 62.6498, 64.4127, 85.703, 84.8764, 81.2711, 81.3449, 83.1685, 77.1622, 80.05, 77.666, 76.4853, 68.593, 68.7314, 66.2873, 50.2494, 51.2445, 52.9528, 77.666, 76.4003, 71.5891, 59.4138, 59.4643, 55.2268, 82.3286, 82.9759, 83.6301, 71.0282, 73.4098, 71.4003, 64.3506, 65.3682, 59.5399, 25.2982, 25.632, 20.6155, 3, 3.16228, 3.16228, 27.313, 33.2415, 32.573, 75.0267, 68.7095, 70.7743, 52.8867, 55.109, 51.6236],
[50.2494, 71.4493, 57.0351, 59.3043, 112.805, 114.691, 69.2604, 77.6209, 95.1315, 86.0523, 81.0247, 67.6757, 54.5619, 77.666, 34.176, 57.2451, 53.1601, 34.7131, 37.9473, 29.4109, 0, 96.3379, 30.4795, 74.3303, 68.593, 71.1126, 57.0088, 54, 60.0333, 58.0775, 57.1402, 57.5587, 110.114, 109.986, 116.276, 116, 114.215, 116.932, 69.2892, 66.4078, 68.0074, 78.7464, 74.027, 75.2861, 98.0816, 97.4526, 94.0213, 87.9659, 88.4081, 83.0963, 82.9277, 80.1561, 78.7718, 69.6419, 70.1783, 69.4046, 52.6308, 53.4135, 57.3847, 80.1561, 80.2122, 74.6324, 35.3412, 37, 33.2415, 59.5063, 59.9333, 60.3738, 50.6952, 51.8652, 50.2892, 36.7696, 37.0135, 31.241, 39, 39.9249, 34.7851, 30.4631, 29.5466, 27.6586, 3.60555, 4, 3.16228, 99.6394, 93.3809, 94.921, 32.5269, 32.8024, 28.6007],
[60.7289, 102.927, 101.637, 109.772, 57.7062, 61.8142, 89.3085, 46.6905, 50.0899, 65.437, 69.3109, 69.6348, 64.0781, 70.0357, 108.19, 125.96, 115.434, 121.202, 59.1354, 71.5122, 96.3379, 0, 123.369, 105.395, 100.499, 106.33, 104.389, 102.318, 102.883, 106.621, 107.154, 110.86, 54.9181, 56.0892, 60.407, 64.9384, 58.5491, 61.4003, 86.267, 87.6641, 86.5332, 49.4975, 47.634, 48.9183, 49.7695, 48.8467, 46.9574, 63.6003, 67.8012, 63.7809, 72.1803, 72.1249, 72.1388, 72.2011, 71.4003, 67.2012, 66.8506, 67.2309, 63.0714, 72.1249, 68.593, 68.7677, 111.158, 108.674, 105.224, 125.873, 126.827, 127.781, 112.929, 116.76, 114.56, 121.413, 124.197, 119.067, 59.0085, 58.0086, 62.2013, 72.6154, 73.5391, 71.4703, 93.0591, 100.285, 99.1413, 3.60555, 3, 3.60555, 124.278, 126.242, 122.528],
[80.7217, 96.1353, 80.9568, 80.8084, 143.283, 145.165, 96.6023, 108.074, 125.607, 116.181, 110.887, 97.4526, 84.8646, 107.448, 53.1507, 71.0634, 71.4493, 43.1045, 67.1193, 52.1728, 30.4795, 123.369, 0, 98.6712, 93.6376, 94.921, 80.0812, 77.4919, 83.8153, 80.5233, 79.3095, 78.4474, 140.584, 140.464, 146.755, 146.455, 144.693, 147.411, 97.1288, 93.9415, 95.7706, 109.225, 104.484, 105.759, 128.55, 127.914, 124.471, 118.191, 118.444, 113.278, 112.614, 109.809, 108.407, 99.2018, 99.8098, 99.3579, 82.807, 83.5464, 87.6926, 109.809, 110.114, 104.484, 52.6118, 56.0892, 53.8516, 74.027, 74.0608, 74.108, 69.7209, 69.2604, 68.469, 46.0977, 43.4166, 40.0125, 68.6003, 69.4622, 64.0078, 51.6236, 50.636, 51.923, 34.0588, 27.5862, 29, 126.827, 120.503, 122.381, 3, 3, 3],
[50, 3.16228, 17.72, 19.8494, 79.0063, 78.0577, 16.1245, 59.9333, 67.2681, 47.5184, 40.7922, 35.8469, 43.9318, 38.3275, 46.0977, 40.2244, 31.8277, 60.7454, 68.4471, 85.6154, 74.3303, 105.395, 98.6712, 0, 6.32456, 4.24264, 18.7883, 21.1896, 14.8661, 18.868, 20.2485, 22.6716, 78.1025, 77.0584, 81.0247, 77.2334, 80, 81.0555, 19.2354, 17.8045, 18.868, 57.7754, 58.1808, 57.2451, 70.0357, 70.214, 68.884, 50.4876, 47.1699, 47.0744, 39.3192, 37.6563, 36.8782, 33.541, 34.4384, 38.4708, 42.0119, 41.2311, 43.8406, 37.6563, 41, 38.2753, 47.4131, 43.382, 44.9444, 37.7359, 38.5876, 39.4462, 32.0156, 34.6554, 34.0588, 58.2495, 62.426, 62.2656, 65.7419, 66.1891, 68.1542, 88.5268, 88.295, 82.4621, 72.111, 74.8131, 73.6817, 106.85, 102.903, 102.083, 101.533, 99.6243, 95.8175],
[44.0454, 3.16228, 13.0384, 17.4929, 77.1622, 76.531, 12.1655, 55.7136, 64.3817, 45.0111, 38.0526, 31.3847, 38.1838, 35.2278, 41.6773, 38.9102, 29.4109, 57.0088, 62.1691, 79.3095, 68.593, 100.499, 93.6376, 6.32456, 0, 5.83095, 14.8661, 16.6433, 10.6301, 15.6205, 17.0294, 20.2485, 76.0263, 75.06, 79.404, 75.9539, 78.2304, 79.511, 15.2971, 13, 14.5602, 53.7587, 53.7122, 52.9245, 67.2681, 67.3647, 65.7647, 48.0104, 45.0444, 44.1814, 37.0135, 35.0143, 34.0588, 29.4109, 30.3645, 34.176, 36.1248, 35.3836, 38.2884, 35.0143, 38.1182, 34.7131, 43.2666, 39.1152, 40.2492, 36.7696, 37.6962, 38.6264, 29.0689, 32.2025, 31.241, 54.6717, 58.8982, 58.2495, 59.4811, 59.9416, 61.8466, 82.2253, 82, 76.1577, 66.2722, 69.2315, 68.0661, 102.083, 97.9439, 97.2471, 96.4624, 94.7048, 90.824],
[49.5782, 4, 14.1421, 15.6205, 82.0244, 81.2219, 17.72, 61.4654, 69.7209, 50.1597, 43.2897, 37.1618, 43.8634, 40.6079, 42.1545, 36.0555, 27.5862, 56.6039, 67.1193, 83.5225, 71.1126, 106.33, 94.921, 4.24264, 5.83095, 0, 14.8661, 17.4642, 11.1803, 14.7648, 16.1245, 18.4391, 81.0062, 80, 84.1487, 80.5047, 83.0542, 84.214, 20.8806, 18.7883, 20.2485, 59.4643, 59.5063, 58.6941, 72.5603, 72.6911, 71.1969, 53.1507, 50.01, 49.4975, 42.0476, 40.1995, 39.3192, 35.1141, 36.0555, 39.9249, 41.7253, 41.0122, 44.0454, 40.1995, 43.4166, 40.2616, 43.382, 39.3954, 41.1096, 33.6155, 34.4819, 35.3553, 27.8029, 30.4138, 29.8329, 54.0833, 58.2495, 58.1808, 64.4981, 65, 66.6408, 86.4002, 86.1278, 80.3617, 69.0072, 71.4493, 70.3491, 107.912, 103.774, 103.078, 97.8008, 95.8175, 92.0489],
[44.4185, 16.6433, 3, 5.38516, 88.459, 88.295, 23.7697, 62.6498, 74.108, 55.9017, 48.8365, 39.0128, 40.3113, 45.5412, 27.313, 25.7099, 15.2315, 42.2019, 58.258, 72.0902, 57.0088, 104.389, 80.0812, 18.7883, 14.8661, 14.8661, 0, 3.16228, 4.24264, 2.23607, 3, 7, 86.977, 86.1452, 91.0055, 88.0568, 89.627, 91.2195, 26.2488, 22.8035, 25, 61.2944, 60.0167, 59.6825, 77.1622, 77.1038, 75.0067, 58.8558, 56.5155, 54.4518, 48.5077, 46.0977, 44.911, 38.0526, 39.0512, 42.0119, 37.5766, 37.1618, 41.4367, 46.0977, 48.6621, 44.1814, 28.6531, 24.5967, 26.2488, 24.1868, 25.1794, 26.1725, 14.4222, 17.8885, 16.6433, 39.8246, 44.0454, 43.566, 55.9732, 56.6392, 57.2014, 74.8465, 74.4648, 68.942, 55.1453, 57.0789, 56.0357, 106.405, 101.637, 101.39, 82.9699, 80.9568, 77.201],
[42.0595, 18.7883, 3.60555, 7.81025, 88.0738, 88.0568, 24.1868, 61.2944, 73.3348, 55.5428, 48.5077, 38.0526, 38.2753, 45.1221, 25.0599, 26.1725, 15.2971, 40.4599, 55.3173, 68.942, 54, 102.318, 77.4919, 21.1896, 16.6433, 17.4642, 3.16228, 0, 6.32456, 5, 5, 8.544, 86.4928, 85.703, 90.7083, 87.9318, 89.2693, 90.956, 26.4008, 22.8473, 25.0799, 60.075, 58.5491, 58.3095, 76.4199, 76.3217, 74.108, 58.4637, 56.3205, 53.9351, 48.3839, 45.8803, 44.643, 37.3363, 38.3275, 41.0488, 35.4683, 35.1141, 39.5601, 45.8803, 48.2701, 43.566, 26.6271, 22.4722, 23.7697, 25, 26, 27, 13.9284, 17.72, 16.1555, 38.2099, 42.45, 41.6173, 53.0754, 53.7587, 54.2033, 71.6938, 71.3092, 65.7951, 52.0865, 54.1479, 53.0848, 104.403, 99.5389, 99.368, 80.3617, 78.4347, 74.6324],
[43.6005, 12.53, 3, 8.06226, 85, 84.7231, 19.9249, 60.208, 71.007, 52.469, 45.3982, 36.2215, 38.9487, 42.19, 31.305, 29.4109, 19.2354, 46.4004, 58.8218, 73.736, 60.0333, 102.883, 83.8153, 14.8661, 10.6301, 11.1803, 4.24264, 6.32456, 0, 5.38516, 6.7082, 10.4403, 83.6002, 82.7345, 87.4757, 84.4038, 86.1452, 87.6641, 22.561, 19.2354, 21.3776, 58.6941, 57.7235, 57.2713, 74.027, 74.0068, 72.0278, 55.4437, 52.9528, 51.1566, 44.911, 42.5793, 41.4367, 35.0143, 36.0139, 39.2046, 36.3593, 35.8469, 39.8121, 42.5793, 45.2769, 41.0122, 32.7567, 28.6531, 30.0832, 27.6586, 28.6356, 29.6142, 18.6011, 21.9545, 20.8087, 44.0454, 48.2701, 47.7074, 56.4004, 57.0088, 57.9828, 76.5506, 76.2168, 70.5762, 58.0086, 60.2993, 59.2115, 104.785, 100.18, 99.8098, 86.6833, 84.7585, 80.9568],
[46.6476, 17.0294, 5.09902, 3.16228, 90.2552, 90.0278, 25.2982, 64.7765, 76.0592, 57.7062, 50.636, 41.0488, 42.5441, 47.3814, 27.5136, 24.0416, 13.8924, 41.8808, 60.3075, 73.8241, 58.0775, 106.621, 80.5233, 18.868, 15.6205, 14.7648, 2.23607, 5, 5.38516, 0, 1.41421, 5.09902, 88.8144, 87.9659, 92.7631, 89.7385, 91.4112, 92.9624, 27.8927, 24.5153, 26.6833, 63.3877, 62.1691, 61.8142, 79.1012, 79.0569, 77, 60.6712, 58.2495, 56.3205, 50.2195, 47.8539, 46.6905, 40.0125, 41.0122, 44.0454, 39.8121, 39.3954, 43.6578, 47.8539, 50.4876, 46.0977, 28.6356, 24.6982, 26.6833, 22.3607, 23.3452, 24.3311, 13.4536, 16.6433, 15.6205, 39.4081, 43.6005, 43.4166, 58.0517, 58.7282, 59.203, 76.5572, 76.1577, 70.6824, 56.3205, 58.0086, 57, 108.632, 103.87, 103.619, 83.4326, 81.3204, 77.6209],
[47.0106, 18.4391, 6, 2.82843, 91.4112, 91.2195, 26.5707, 65.6201, 77.1038, 58.8558, 51.788, 42.0119, 43.0813, 48.5077, 26.2488, 22.8035, 12.53, 40.4969, 60.208, 73.3485, 57.1402, 107.154, 79.3095, 20.2485, 17.0294, 16.1245, 3, 5, 6.7082, 1.41421, 0, 4, 89.9444, 89.1067, 93.9415, 90.956, 92.5743, 94.1488, 29.1204, 25.7099, 27.8927, 64.2806, 62.9682, 62.6498, 80.1561, 80.0999, 78.0064, 61.8142, 59.439, 57.4282, 51.4198, 49.0306, 47.8539, 41.0488, 42.0476, 45.0111, 40.3113, 39.9249, 44.2719, 49.0306, 51.6236, 47.1699, 27.313, 23.4094, 25.4951, 21.2132, 22.2036, 23.1948, 12.0416, 15.2643, 14.2127, 38.0132, 42.2019, 42.0595, 58, 58.6941, 59.0339, 76.0592, 75.6439, 70.214, 55.4437, 57, 56.0089, 109.202, 104.389, 104.178, 82.2253, 80.0812, 76.4003],
[50.5371, 21.2603, 10, 2.82843, 95.352, 95.1262, 30.3645, 69.5845, 81.0987, 62.8013, 55.7315, 46.0109, 46.8188, 52.469, 25.318, 18.9737, 9.21954, 38.4708, 62.9365, 75.1798, 57.5587, 110.86, 78.4474, 22.6716, 20.2485, 18.4391, 7, 8.544, 10.4403, 5.09902, 4, 0, 93.9042, 93.0591, 97.8621, 94.8314, 96.5091, 98.0612, 32.9848, 29.6142, 31.7805, 68.2642, 66.9104, 66.6108, 84.1487, 84.0952, 82.0061, 65.7647, 63.3482, 61.4003, 55.3173, 52.9528, 51.788, 45.0444, 46.0435, 49.0102, 44.0114, 43.6578, 48.0833, 52.9528, 55.5788, 51.1566, 25.9615, 22.3607, 25.02, 17.2627, 18.2483, 19.2354, 9.43398, 12.0416, 11.4018, 35.8469, 39.9625, 40.3113, 60.8276, 61.5549, 61.6198, 77.8267, 77.3692, 72.0694, 56.0892, 57.1402, 56.2228, 112.947, 108.079, 107.912, 81.3941, 79.0759, 75.505],
[60, 77.0065, 84.0119, 91.6624, 3.16228, 7, 64.1249, 32.5576, 15, 31.1448, 38.2099, 49.0408, 56.9386, 41.4367, 104.178, 112.614, 101.789, 120.54, 75.9276, 97.4166, 110.114, 54.9181, 140.584, 78.1025, 76.0263, 81.0062, 86.977, 86.4928, 83.6002, 88.8144, 89.9444, 93.9042, 0, 1.41421, 6.7082, 10.0499, 4.47214, 7.61577, 61.2046, 64.3817, 62.2896, 31.4006, 36.1248, 34.8281, 12.0416, 12.7279, 16.2788, 28.1603, 31, 32.5576, 39.0128, 41.1096, 42.19, 49.2443, 48.2701, 46.1736, 59.5399, 59.0593, 54.2033, 41.1096, 38.3275, 42.9535, 106.977, 103.121, 101.39, 111.158, 112.147, 113.137, 100.225, 104.139, 102.391, 119.403, 123.309, 119.921, 73.6614, 73, 78.6448, 99.8649, 100.439, 95.6033, 106.527, 113.23, 111.826, 53.6004, 54.4518, 51.6236, 142.524, 142.902, 138.683],
[59.8164, 76, 83.1865, 90.7965, 2.82843, 6.08276, 63.1981, 32.5269, 14.8661, 30.2655, 37.3363, 48.3839, 56.6039, 40.6079, 103.619, 111.803, 101, 120.017, 76.0592, 97.6524, 109.986, 56.0892, 140.464, 77.0584, 75.06, 80, 86.1452, 85.703, 82.7345, 87.9659, 89.1067, 93.0591, 1.41421, 0, 6.40312, 9, 4.24264, 7.2111, 60.2993, 63.5059, 61.4003, 31.241, 36.0694, 34.7131, 12.0416, 12.8062, 16.4012, 27.2947, 30.0167, 31.7805, 38.0526, 40.1995, 41.3038, 48.5077, 47.5395, 45.5412, 59.1693, 58.6686, 53.8516, 40.1995, 37.4833, 42.2019, 106.405, 102.528, 100.846, 110.318, 111.306, 112.294, 99.4636, 103.368, 101.637, 118.849, 122.772, 119.436, 73.7564, 73.1095, 78.7464, 100.125, 100.688, 95.8019, 106.405, 113.071, 111.665, 54.8179, 55.5788, 52.7731, 142.425, 142.762, 138.539],
[66.0681, 80.1561, 88.0738, 95.5249, 3.60555, 3.16228, 67.7422, 38.8973, 21.2132, 35.171, 42.2019, 53.8516, 62.6817, 45.607, 109.252, 116.709, 105.991, 125.718, 82.4621, 104.043, 116.276, 60.407, 146.755, 81.0247, 79.404, 84.1487, 91.0055, 90.7083, 87.4757, 92.7631, 93.9415, 97.8621, 6.7082, 6.40312, 0, 5.65685, 2.23607, 1, 64.9384, 68.2495, 66.0984, 37.5366, 42.4264, 41.0366, 18.4391, 19.2094, 22.8035, 32.28, 34.5254, 37, 42.5793, 44.911, 46.0977, 53.7587, 52.811, 51.0784, 65.192, 64.6607, 59.9083, 44.911, 42.45, 47.4342, 112.004, 108.079, 106.513, 115.122, 116.103, 117.085, 104.547, 108.416, 106.738, 124.483, 128.445, 125.22, 80.1561, 79.511, 85.1469, 106.508, 107.075, 102.201, 112.699, 119.331, 117.924, 58.8558, 60.1332, 57.2189, 148.735, 149.037, 144.81],
[65.7647, 76.531, 85.1645, 92.4175, 7.28011, 3.16228, 64.5368, 39.4081, 21.9545, 32.6956, 39.5601, 51.8845, 61.8466, 43.0813, 107.331, 113.759, 103.16, 123.891, 83.2346, 105.152, 116, 64.9384, 146.455, 77.2334, 75.9539, 80.5047, 88.0568, 87.9318, 84.4038, 89.7385, 90.956, 94.8314, 10.0499, 9, 5.65685, 0, 6.7082, 5, 61.8466, 65.2533, 63.0635, 37.6431, 42.8019, 41.2311, 19.6977, 20.6155, 24.1661, 29.9666, 31.6228, 34.8855, 39.5601, 42.0595, 43.3244, 51.4781, 50.5668, 49.2443, 64.2028, 63.6003, 59.0339, 42.0595, 39.9249, 45.1885, 110.023, 106.024, 104.657, 112.058, 113.031, 114.004, 101.833, 105.65, 104.043, 122.54, 126.562, 123.548, 80.8022, 80.2122, 85.8021, 107.703, 108.227, 103.175, 112.45, 118.929, 117.516, 63.561, 64.4981, 61.6604, 148.519, 148.661, 144.423],
[64.0312, 79.0569, 86.6833, 94.2019, 1.41421, 3.60555, 66.4831, 36.7696, 19.105, 33.7343, 40.7922, 52.2015, 60.7454, 44.1475, 107.541, 115.317, 104.561, 123.976, 80.2808, 101.833, 114.215, 58.5491, 144.693, 80, 78.2304, 83.0542, 89.627, 89.2693, 86.1452, 91.4112, 92.5743, 96.5091, 4.47214, 4.24264, 2.23607, 6.7082, 0, 3.16228, 63.6396, 66.9104, 64.7765, 35.4683, 40.3113, 38.9487, 16.2788, 17.0294, 20.6155, 30.8058, 33.2415, 35.4401, 41.3038, 43.566, 44.7214, 52.2015, 51.2445, 49.3964, 63.2851, 62.7694, 57.9828, 43.566, 41, 45.8803, 110.309, 106.405, 104.785, 113.772, 114.756, 115.741, 103.078, 106.963, 105.262, 122.772, 126.716, 123.438, 77.9872, 77.3369, 82.9759, 104.293, 104.862, 100, 110.635, 117.29, 115.884, 57.0701, 58.2151, 55.3263, 146.659, 146.986, 142.762],
[66.7083, 80.2247, 88.295, 95.7079, 4.47214, 3, 67.897, 39.6232, 21.9317, 35.4401, 42.45, 54.231, 63.2456, 45.8803, 109.659, 116.927, 106.231, 126.143, 83.2406, 104.862, 116.932, 61.4003, 147.411, 81.0555, 79.511, 84.214, 91.2195, 90.956, 87.6641, 92.9624, 94.1488, 98.0612, 7.61577, 7.2111, 1, 5, 3.16228, 0, 65.1153, 68.4471, 66.2873, 38.2099, 43.1393, 41.7253, 19.2094, 20, 23.6008, 32.573, 34.7131, 37.3363, 42.7551, 45.1221, 46.3249, 54.0833, 53.1413, 51.4781, 65.7343, 65.192, 60.4649, 45.1221, 42.72, 47.7598, 112.401, 108.462, 106.93, 115.317, 116.297, 117.277, 104.809, 108.669, 107.005, 124.888, 128.86, 125.67, 80.9197, 80.2808, 85.9128, 107.336, 107.898, 103.005, 113.358, 119.971, 118.562, 59.8415, 61.131, 58.2151, 149.402, 149.683, 145.454],
[33.6155, 17.088, 23.4094, 30.5941, 62.514, 62.1691, 3.16228, 40.7185, 49.163, 30.0666, 23.0217, 16.6433, 26.8328, 20.025, 48.8365, 51.923, 41.4367, 65.2993, 54.3415, 74.108, 69.2892, 86.267, 97.1288, 19.2354, 15.2971, 20.8806, 26.2488, 26.4008, 22.561, 27.8927, 29.1204, 32.9848, 61.2046, 60.2993, 64.9384, 61.8466, 63.6396, 65.1153, 0, 3.60555, 1.41421, 38.6264, 38.9487, 38.0132, 52.0865, 52.1536, 50.4876, 33.0606, 30.4138, 29.0172, 22.3607, 20.0998, 19.0263, 14.3178, 15.2315, 19.2354, 25.632, 24.6982, 26.0768, 20.0998, 23, 19.4165, 51.0882, 46.8615, 46.669, 50.2195, 51.1957, 52.1728, 40.3113, 44.0114, 42.5441, 63.4114, 67.624, 65.7951, 51.4198, 51.6624, 54.7449, 77.1038, 77.0584, 71.0634, 66.4078, 70.7743, 69.4622, 87.6641, 83.8153, 82.9277, 99.7647, 98.6154, 94.5145],
[33.121, 15.2643, 19.9249, 27.2947, 65.7647, 65.5134, 3, 42.72, 52.0384, 33.2415, 26.1725, 18.3848, 26.6271, 23.0217, 45.2769, 48.5077, 37.9473, 61.7171, 53.1601, 72.3395, 66.4078, 87.6641, 93.9415, 17.8045, 13, 18.7883, 22.8035, 22.8473, 19.2354, 24.5153, 25.7099, 29.6142, 64.3817, 63.5059, 68.2495, 65.2533, 66.9104, 68.4471, 3.60555, 0, 2.23607, 40.8044, 40.7185, 39.9249, 55.0091, 55.0364, 53.2353, 36.2215, 33.7343, 32.0156, 25.7099, 23.3452, 22.2036, 16.4924, 17.4642, 21.1896, 25.0599, 24.1868, 26.2488, 23.3452, 26.0768, 22.0907, 47.5079, 43.2782, 43.1393, 46.8722, 47.8539, 48.8365, 36.7696, 40.4969, 39, 59.8164, 64.0312, 62.2415, 50.2892, 50.5964, 53.3667, 75.326, 75.2396, 69.2604, 63.6003, 67.7791, 66.4831, 89.1852, 85.1469, 84.3801, 96.6023, 95.3834, 91.3017],
[33.1059, 16.5529, 22.1359, 29.4279, 63.6396, 63.3482, 2.82843, 41.2311, 50.0899, 31.1448, 24.0832, 17, 26.4197, 21, 47.4236, 50.6952, 40.1622, 63.8905, 53.6004, 73.171, 68.0074, 86.5332, 95.7706, 18.868, 14.5602, 20.2485, 25, 25.0799, 21.3776, 26.6833, 27.8927, 31.7805, 62.2896, 61.4003, 66.0984, 63.0635, 64.7765, 66.2873, 1.41421, 2.23607, 0, 39.2173, 39.3573, 38.4838, 53.0377, 53.0848, 51.3517, 34.1321, 31.5753, 30, 23.5372, 21.2132, 20.0998, 14.8661, 15.8114, 19.6977, 25.0799, 24.1661, 25.807, 21.2132, 24.0208, 20.2237, 49.679, 45.4533, 45.2548, 49.0306, 50.01, 50.9902, 39, 42.72, 41.2311, 62.0081, 66.2193, 64.3817, 50.6952, 50.9608, 53.9351, 76.1643, 76.1052, 70.1142, 65.146, 69.4622, 68.1542, 87.983, 84.0536, 83.2166, 98.4124, 97.2471, 93.1504],
[28.6007, 55.7136, 58.3095, 66.4831, 34.0588, 36.0694, 41.7852, 3.16228, 16.4012, 17.088, 19.8494, 22.561, 26, 20.6155, 74.4648, 86, 75, 90.4434, 45.793, 68, 78.7464, 49.4975, 109.225, 57.7754, 53.7587, 59.4643, 61.2944, 60.075, 58.6941, 63.3877, 64.2806, 68.2642, 31.4006, 31.241, 37.5366, 37.6431, 35.4683, 38.2099, 38.6264, 40.8044, 39.2173, 0, 5.38516, 3.60555, 19.4165, 18.868, 15.6525, 16.2788, 19.9249, 14.7648, 22.8035, 22.6274, 22.6716, 24.3516, 23.4094, 19.6469, 28.7924, 28.4605, 23.4094, 22.6274, 19.105, 19.7231, 77.3692, 73.7564, 71.5681, 85.0529, 86.0523, 87.0517, 73.0274, 77.026, 75.06, 89.56, 93.3006, 89.5377, 43.2666, 42.72, 48.2597, 70.6612, 71.1196, 65.8635, 75.1665, 81.8352, 80.4301, 50.3289, 47.4236, 45.9674, 111.198, 111.521, 107.299],
[24.1868, 55.9017, 57.0701, 65.307, 38.8973, 41.1096, 42.0595, 3.60555, 21.2132, 21.3776, 22.8254, 22.3607, 22.561, 22.8035, 71.3863, 84.1487, 73.171, 87.0919, 40.4969, 62.6498, 74.027, 47.634, 104.484, 58.1808, 53.7122, 59.5063, 60.0167, 58.5491, 57.7235, 62.1691, 62.9682, 66.9104, 36.1248, 36.0694, 42.4264, 42.8019, 40.3113, 43.1393, 38.9487, 40.7185, 39.3573, 5.38516, 0, 2, 24.0832, 23.4307, 20, 21.0238, 24.3311, 18.6815, 25.9422, 25.2389, 25, 24.6982, 23.8537, 19.7231, 25.4951, 25.318, 20.2237, 25.2389, 21.9545, 21.2132, 74.3303, 70.859, 68.4471, 83.3847, 84.3801, 85.3756, 71.0634, 75.06, 73.0274, 86.3481, 89.9889, 86.0233, 38.0132, 37.4433, 43.0116, 65.2993, 65.7647, 60.5392, 70.4344, 77.201, 75.8024, 48.8262, 45.3431, 44.2041, 106.405, 106.827, 102.616],
[25.2389, 55.0364, 56.7186, 64.9384, 37.5366, 39.6232, 41.1461, 3, 19.8494, 19.4165, 21.095, 21.5407, 23.0868, 21.2603, 71.8053, 84.0536, 73.0616, 87.6413, 42.19, 64.4127, 75.2861, 48.9183, 105.759, 57.2451, 52.9245, 58.6941, 59.6825, 58.3095, 57.2713, 61.8142, 62.6498, 66.6108, 34.8281, 34.7131, 41.0366, 41.2311, 38.9487, 41.7253, 38.0132, 39.9249, 38.4838, 3.60555, 2, 0, 22.8035, 22.2036, 18.868, 19.0263, 22.3607, 16.7631, 24.1868, 23.6008, 23.4307, 23.7065, 22.8254, 18.7883, 25.9615, 25.7099, 20.6155, 23.6008, 20.2485, 19.8494, 74.7329, 71.1969, 68.884, 83.2166, 84.214, 85.2115, 71.007, 75.0067, 73, 86.8332, 90.5207, 86.6487, 39.6611, 39.1152, 44.6542, 67.082, 67.5352, 62.2656, 71.7008, 78.4092, 77.0065, 50, 46.6905, 45.4533, 107.713, 108.074, 103.856],
[48.0104, 68.593, 74.1687, 82.0549, 14.8661, 17.4929, 55.1453, 20.5183, 3.16228, 22.561, 29.2746, 38.4708, 45.1774, 32.0624, 92.9731, 102.591, 91.6624, 109.202, 64.0312, 85.703, 98.0816, 49.7695, 128.55, 70.0357, 67.2681, 72.5603, 77.1622, 76.4199, 74.027, 79.1012, 80.1561, 84.1487, 12.0416, 12.0416, 18.4391, 19.6977, 16.2788, 19.2094, 52.0865, 55.0091, 53.0377, 19.4165, 24.0832, 22.8035, 0, 1, 4.47214, 19.6469, 23.4094, 23.0868, 30.8058, 32.3883, 33.2415, 39.1152, 38.1182, 35.5106, 47.8539, 47.4236, 42.4853, 32.3883, 29.1548, 33.0151, 95.8175, 92.0489, 90.1388, 101.316, 102.313, 103.31, 89.9444, 93.9042, 92.0706, 108.167, 112.009, 108.462, 61.7171, 61.0737, 66.7083, 88.2043, 88.7525, 83.8153, 94.4934, 101.213, 99.8098, 49.1935, 48.7032, 46.2385, 130.484, 130.874, 126.657],
[47.4342, 68.7314, 74.108, 82.0244, 15.6205, 18.3576, 55.2268, 19.8494, 3, 22.8035, 29.4279, 38.3275, 44.7214, 32.1403, 92.6553, 102.489, 91.5478, 108.849, 63.2535, 84.8764, 97.4526, 48.8467, 127.914, 70.214, 67.3647, 72.6911, 77.1038, 76.3217, 74.0068, 79.0569, 80.0999, 84.0952, 12.7279, 12.8062, 19.2094, 20.6155, 17.0294, 20, 52.1536, 55.0364, 53.0848, 18.868, 23.4307, 22.2036, 1, 0, 3.60555, 19.9249, 23.7697, 23.1948, 31.0483, 32.5576, 33.3766, 39.0512, 38.0526, 35.3553, 47.4236, 47.0106, 42.0476, 32.5576, 29.2746, 33, 95.5092, 91.7606, 89.8109, 101.242, 102.24, 103.238, 89.8053, 93.771, 91.9239, 107.838, 111.665, 108.079, 60.959, 60.3075, 65.9469, 87.367, 87.9204, 83.006, 93.8616, 100.603, 99.2018, 48.3011, 47.7598, 45.31, 129.835, 130.25, 126.036],
[44.1022, 67.2681, 72.0069, 80.0062, 19.2094, 21.9545, 53.6004, 16.4012, 3.16228, 21.9317, 28.1603, 36.0555, 41.6293, 30.5941, 89.8443, 100.245, 89.2749, 105.948, 59.6657, 81.2711, 94.0213, 46.9574, 124.471, 68.884, 65.7647, 71.1969, 75.0067, 74.108, 72.0278, 77, 78.0064, 82.0061, 16.2788, 16.4012, 22.8035, 24.1661, 20.6155, 23.6008, 50.4876, 53.2353, 51.3517, 15.6525, 20, 18.868, 4.47214, 3.60555, 0, 19.2354, 23.3238, 21.8403, 30.0832, 31.3209, 32.0156, 37.0135, 36.0139, 33.0606, 44.3847, 44.0114, 39, 31.3209, 27.8927, 31.1448, 92.72, 89.0225, 86.977, 99.0808, 100.08, 101.079, 87.4643, 91.444, 89.56, 104.995, 108.784, 105.109, 57.3847, 56.7274, 62.3699, 83.7616, 84.3149, 79.404, 90.4268, 97.2008, 95.8019, 46.6476, 45.6946, 43.382, 126.372, 126.823, 122.613],
[38.5876, 49.163, 55.9017, 63.5059, 29.6142, 29.7321, 36.0139, 19.4165, 17.088, 3, 10.0499, 21.9545, 33.4216, 13.3417, 77.3692, 84.5281, 73.7564, 93.9415, 58.8727, 81.3449, 87.9659, 63.6003, 118.191, 50.4876, 48.0104, 53.1507, 58.8558, 58.4637, 55.4437, 60.6712, 61.8142, 65.7647, 28.1603, 27.2947, 32.28, 29.9666, 30.8058, 32.573, 33.0606, 36.2215, 34.1321, 16.2788, 21.0238, 19.0263, 19.6469, 19.9249, 19.2354, 0, 4.24264, 5, 11.1803, 13, 14.0357, 21.5407, 20.6155, 19.4165, 35.3836, 34.6554, 30.6105, 13, 10.198, 15.2315, 80.0562, 76.0592, 74.7061, 83.0241, 84.0119, 85, 72.2772, 76.1577, 74.4648, 92.5743, 96.6023, 93.6483, 56.0803, 55.7136, 60.9262, 84.1546, 84.5044, 78.924, 84.5044, 90.609, 89.1964, 63.8905, 61.8547, 60, 120.416, 120.241, 116],
[39.8121, 46.0109, 53.6004, 61, 32.1403, 31.7805, 33.2415, 23.0868, 21.0238, 3, 8.06226, 21.2603, 34.1321, 11.6619, 76.1577, 82.2253, 71.5681, 92.7847, 60.7289, 83.1685, 88.4081, 67.8012, 118.444, 47.1699, 45.0444, 50.01, 56.5155, 56.3205, 52.9528, 58.2495, 59.439, 63.3482, 31, 30.0167, 34.5254, 31.6228, 33.2415, 34.7131, 30.4138, 33.7343, 31.5753, 19.9249, 24.3311, 22.3607, 23.4094, 23.7697, 23.3238, 4.24264, 0, 6.08276, 8.06226, 10.4403, 11.7047, 20.2485, 19.4165, 19.105, 35.805, 35, 31.3847, 10.4403, 8.60233, 14.2127, 78.7718, 74.7061, 73.5731, 80.604, 81.5843, 82.5651, 70.214, 74.0405, 72.4224, 91.3017, 95.3834, 92.6499, 57.8705, 57.5674, 62.6259, 86.0233, 86.3308, 80.6536, 85, 90.9065, 89.4986, 68.1175, 66.0303, 64.2028, 120.739, 120.416, 116.181],
[34, 45.5412, 51.4781, 59.2115, 34.2053, 34.5398, 32.0624, 17.8885, 20.2237, 3.16228, 6.32456, 17, 28.6007, 9, 72.45, 80.0625, 69.2315, 89.0056, 54.7083, 77.1622, 83.0963, 63.7809, 113.278, 47.0744, 44.1814, 49.4975, 54.4518, 53.9351, 51.1566, 56.3205, 57.4282, 61.4003, 32.5576, 31.7805, 37, 34.8855, 35.4401, 37.3363, 29.0172, 32.0156, 30, 14.7648, 18.6815, 16.7631, 23.0868, 23.1948, 21.8403, 5, 6.08276, 0, 8.60233, 9.48683, 10.198, 16.7631, 15.8114, 14.4222, 30.4795, 29.7321, 25.807, 9.48683, 6.08276, 10.4403, 75.1532, 71.1758, 69.7711, 78.6384, 79.6304, 80.6226, 67.6831, 71.5891, 69.857, 87.6641, 91.6788, 88.6848, 51.8652, 51.5461, 56.648, 80.0062, 80.3243, 74.6726, 79.6492, 85.703, 84.2912, 64.3506, 61.8466, 60.208, 115.521, 115.313, 111.072],
[36.1386, 38.0526, 45.607, 52.9528, 40.1995, 39.8121, 25.1794, 25.807, 28.1603, 8.24621, 3.16228, 15.2643, 29.7321, 5.38516, 68.7968, 74.2159, 63.6003, 85.44, 57.8705, 80.05, 82.9277, 72.1803, 112.614, 39.3192, 37.0135, 42.0476, 48.5077, 48.3839, 44.911, 50.2195, 51.4198, 55.3173, 39.0128, 38.0526, 42.5793, 39.5601, 41.3038, 42.7551, 22.3607, 25.7099, 23.5372, 22.8035, 25.9422, 24.1868, 30.8058, 31.0483, 30.0832, 11.1803, 8.06226, 8.60233, 0, 2.82843, 4.24264, 13.4536, 12.8062, 13.9284, 30.8707, 29.9666, 27.2029, 2.82843, 4.12311, 8.544, 71.3442, 67.2309, 66.2873, 72.5672, 73.5459, 74.5252, 62.2977, 66.0984, 64.5136, 83.863, 87.983, 85.4459, 54.9181, 54.7449, 59.439, 82.9759, 83.1986, 77.3692, 79.6116, 85.2115, 83.8153, 72.8354, 70.1783, 68.6222, 115, 114.477, 110.259],
[33.7343, 36.2215, 43.1741, 50.636, 42.4264, 42.2019, 23.0217, 25.4951, 29.6142, 10, 3.16228, 12.53, 27.2029, 3, 66.0379, 71.8053, 61.131, 82.6801, 55.5788, 77.666, 80.1561, 72.1249, 109.809, 37.6563, 35.0143, 40.1995, 46.0977, 45.8803, 42.5793, 47.8539, 49.0306, 52.9528, 41.1096, 40.1995, 44.911, 42.0595, 43.566, 45.1221, 20.0998, 23.3452, 21.2132, 22.6274, 25.2389, 23.6008, 32.3883, 32.5576, 31.3209, 13, 10.4403, 9.48683, 2.82843, 0, 1.41421, 10.6301, 10, 11.4018, 28.2312, 27.313, 24.7386, 0, 3.60555, 6.08276, 68.6003, 64.4981, 63.5138, 70.214, 71.1969, 72.1803, 59.7746, 63.6003, 61.9839, 81.1234, 85.235, 82.662, 52.6118, 52.469, 57.0701, 80.604, 80.8084, 74.9533, 76.8505, 82.4197, 81.0247, 72.9178, 70.0357, 68.593, 112.201, 111.665, 107.448],
[32.5576, 35.3553, 41.9762, 49.4975, 43.566, 43.4166, 22, 25.4558, 30.4138, 11.0454, 4, 11.1803, 25.9615, 2.23607, 64.6607, 70.6116, 59.9083, 81.3019, 54.4518, 76.4853, 78.7718, 72.1388, 108.407, 36.8782, 34.0588, 39.3192, 44.911, 44.643, 41.4367, 46.6905, 47.8539, 51.788, 42.19, 41.3038, 46.0977, 43.3244, 44.7214, 46.3249, 19.0263, 22.2036, 20.0998, 22.6716, 25, 23.4307, 33.2415, 33.3766, 32.0156, 14.0357, 11.7047, 10.198, 4.24264, 1.41421, 0, 9.21954, 8.60233, 10.198, 26.9258, 26, 23.5372, 1.41421, 4.12311, 5, 67.2309, 63.1348, 62.1289, 69.0507, 70.0357, 71.0211, 58.5235, 62.3618, 60.7289, 79.7559, 83.863, 81.2711, 51.4781, 51.3517, 55.9017, 79.4292, 79.6241, 73.7564, 75.4718, 81.0247, 79.6304, 73, 70.0071, 68.6222, 110.802, 110.259, 106.042],
[25, 31.3847, 35.0571, 43, 50.9608, 51.264, 17.4642, 26.4008, 36.0555, 18.7883, 12.2066, 3.16228, 18.0278, 8.60233, 55.9464, 63.5059, 52.6118, 72.5603, 47.0106, 68.593, 69.6419, 72.2011, 99.2018, 33.541, 29.4109, 35.1141, 38.0526, 37.3363, 35.0143, 40.0125, 41.0488, 45.0444, 49.2443, 48.5077, 53.7587, 51.4781, 52.2015, 54.0833, 14.3178, 16.4924, 14.8661, 24.3516, 24.6982, 23.7065, 39.1152, 39.0512, 37.0135, 21.5407, 20.2485, 16.7631, 13.4536, 10.6301, 9.21954, 0, 1, 5, 18.4391, 17.4642, 16.0312, 10.6301, 11.6619, 6.32456, 58.5918, 54.5619, 53.3385, 62.2013, 63.1981, 64.195, 50.9902, 54.9181, 53.1507, 71.1196, 75.1798, 72.4017, 44.0114, 44, 48.1664, 71.5681, 71.7008, 65.7647, 66.3702, 71.8471, 70.4557, 73.4983, 69.814, 68.8186, 101.607, 101.045, 96.8298],
[25.02, 32.311, 36.0555, 44, 50, 50.3289, 18.3848, 25.4951, 35.0571, 17.8885, 11.4018, 3, 18.1108, 7.81025, 56.8243, 64.4981, 53.6004, 73.4302, 47.0425, 68.7314, 70.1783, 71.4003, 99.8098, 34.4384, 30.3645, 36.0555, 39.0512, 38.3275, 36.0139, 41.0122, 42.0476, 46.0435, 48.2701, 47.5395, 52.811, 50.5668, 51.2445, 53.1413, 15.2315, 17.4642, 15.8114, 23.4094, 23.8537, 22.8254, 38.1182, 38.0526, 36.0139, 20.6155, 19.4165, 15.8114, 12.8062, 10, 8.60233, 1, 0, 4.24264, 18.6815, 17.72, 16, 10, 10.8167, 5.38516, 59.4811, 55.4617, 54.2033, 63.1981, 64.195, 65.192, 51.9711, 55.9017, 54.1295, 72.0069, 76.0592, 73.2462, 44.0454, 44.0114, 48.2597, 71.7008, 71.8471, 65.9242, 66.888, 72.4224, 71.0282, 72.6705, 69.029, 68.0074, 102.201, 101.671, 97.4526],
[22.3607, 36.2491, 39.0128, 47.0956, 48.1041, 48.7545, 22.3607, 21.5407, 32.3883, 17.0294, 11.6619, 3, 15.8114, 8.544, 58.1808, 67.1863, 56.2228, 74.686, 44.2832, 66.2873, 69.4046, 67.2012, 99.3579, 38.4708, 34.176, 39.9249, 42.0119, 41.0488, 39.2046, 44.0454, 45.0111, 49.0102, 46.1736, 45.5412, 51.0784, 49.2443, 49.3964, 51.4781, 19.2354, 21.1896, 19.6977, 19.6469, 19.7231, 18.7883, 35.5106, 35.3553, 33.0606, 19.4165, 19.105, 14.4222, 13.9284, 11.4018, 10.198, 5, 4.24264, 0, 17, 16.1245, 13.3417, 11.4018, 10.8167, 5.38516, 60.9262, 57.0088, 55.4617, 66.0303, 67.0298, 68.0294, 54.4518, 58.4209, 56.5685, 73.4098, 77.3886, 74.3034, 41.3038, 41.1947, 45.7056, 69.2315, 69.4262, 63.561, 66.0303, 71.8401, 70.4344, 68.5055, 64.8151, 63.8201, 101.671, 101.316, 97.0824],
[8.06226, 39.0512, 34.8855, 42.9535, 61.9112, 63.2456, 27.7308, 28.8617, 44.7214, 33.4216, 28.6531, 15.8114, 3, 25.4951, 45.8912, 59.8415, 49.0306, 61.6847, 29.1548, 50.2494, 52.6308, 66.8506, 82.807, 42.0119, 36.1248, 41.7253, 37.5766, 35.4683, 36.3593, 39.8121, 40.3113, 44.0114, 59.5399, 59.1693, 65.192, 64.2028, 63.2851, 65.7343, 25.632, 25.0599, 25.0799, 28.7924, 25.4951, 25.9615, 47.8539, 47.4236, 44.3847, 35.3836, 35.805, 30.4795, 30.8707, 28.2312, 26.9258, 18.4391, 18.6815, 17, 0, 1, 5.38516, 28.2312, 27.7849, 22.3607, 48.8365, 45.3982, 42.9535, 59.439, 60.4152, 61.3922, 46.6905, 50.636, 48.5077, 60.8769, 64.5601, 60.7454, 26.1725, 26.3059, 30, 53.2353, 53.3385, 47.3814, 49.2037, 55.2268, 53.8145, 68.9493, 64.0781, 63.9062, 85.0412, 84.8646, 80.6226],
[8.94427, 38.2884, 34.4384, 42.5441, 61.4003, 62.6817, 26.8328, 28.6356, 44.2832, 32.6497, 27.7849, 14.8661, 3.16228, 24.5967, 46.0977, 59.6825, 48.8365, 61.9839, 30.1496, 51.2445, 53.4135, 67.2309, 83.5464, 41.2311, 35.3836, 41.0122, 37.1618, 35.1141, 35.8469, 39.3954, 39.9249, 43.6578, 59.0593, 58.6686, 64.6607, 63.6003, 62.7694, 65.192, 24.6982, 24.1868, 24.1661, 28.4605, 25.318, 25.7099, 47.4236, 47.0106, 44.0114, 34.6554, 35, 29.7321, 29.9666, 27.313, 26, 17.4642, 17.72, 16.1245, 1, 0, 5.09902, 27.313, 26.9258, 21.4709, 49.0306, 45.5412, 43.1741, 59.2284, 60.208, 61.1882, 46.5296, 50.4876, 48.3735, 61.131, 64.846, 61.0983, 27.1662, 27.2947, 31, 54.231, 54.3323, 48.3735, 50, 55.9732, 54.5619, 69.2892, 64.4748, 64.2573, 85.7963, 85.5862, 81.3449],
[9.05539, 41.0366, 38.6264, 46.8188, 56.6039, 58.0086, 28.6007, 23.5372, 39.3573, 28.8444, 24.6982, 13, 2.82843, 21.8403, 51.1957, 64.4981, 53.6004, 67.0522, 31.0644, 52.9528, 57.3847, 63.0714, 87.6926, 43.8406, 38.2884, 44.0454, 41.4367, 39.5601, 39.8121, 43.6578, 44.2719, 48.0833, 54.2033, 53.8516, 59.9083, 59.0339, 57.9828, 60.4649, 26.0768, 26.2488, 25.807, 23.4094, 20.2237, 20.6155, 42.4853, 42.0476, 39, 30.6105, 31.3847, 25.807, 27.2029, 24.7386, 23.5372, 16.0312, 16, 13.3417, 5.38516, 5.09902, 0, 24.7386, 23.7697, 18.6815, 54.1295, 50.636, 48.2701, 63.9531, 64.9384, 65.9242, 51.3517, 55.3263, 53.2353, 66.2193, 69.9214, 66.1287, 28.0713, 28.0179, 32.3883, 55.9017, 56.0892, 50.2195, 53.9073, 60.1082, 58.6941, 65, 60.3738, 60.0083, 89.8721, 89.8053, 85.5628],
[33.7343, 36.2215, 43.1741, 50.636, 42.4264, 42.2019, 23.0217, 25.4951, 29.6142, 10, 3.16228, 12.53, 27.2029, 3, 66.0379, 71.8053, 61.131, 82.6801, 55.5788, 77.666, 80.1561, 72.1249, 109.809, 37.6563, 35.0143, 40.1995, 46.0977, 45.8803, 42.5793, 47.8539, 49.0306, 52.9528, 41.1096, 40.1995, 44.911, 42.0595, 43.566, 45.1221, 20.0998, 23.3452, 21.2132, 22.6274, 25.2389, 23.6008, 32.3883, 32.5576, 31.3209, 13, 10.4403, 9.48683, 2.82843, 0, 1.41421, 10.6301, 10, 11.4018, 28.2312, 27.313, 24.7386, 0, 3.60555, 6.08276, 68.6003, 64.4981, 63.5138, 70.214, 71.1969, 72.1803, 59.7746, 63.6003, 61.9839, 81.1234, 85.235, 82.662, 52.6118, 52.469, 57.0701, 80.604, 80.8084, 74.9533, 76.8505, 82.4197, 81.0247, 72.9178, 70.0357, 68.593, 112.201, 111.665, 107.448],
[32.573, 39.4588, 45.7056, 53.3385, 39.8121, 39.8497, 26.0192, 22.0227, 26.3059, 7.28011, 1, 12.7279, 26.4008, 3.16228, 67.6018, 74.3303, 63.561, 84.2199, 54.1295, 76.4003, 80.2122, 68.593, 110.114, 41, 38.1182, 43.4166, 48.6621, 48.2701, 45.2769, 50.4876, 51.6236, 55.5788, 38.3275, 37.4833, 42.45, 39.9249, 41, 42.72, 23, 26.0768, 24.0208, 19.105, 21.9545, 20.2485, 29.1548, 29.2746, 27.8927, 10.198, 8.60233, 6.08276, 4.12311, 3.60555, 4.12311, 11.6619, 10.8167, 10.8167, 27.7849, 26.9258, 23.7697, 3.60555, 0, 5.65685, 70.2353, 66.1891, 65, 72.8354, 73.8241, 74.8131, 62.0967, 65.9697, 64.2884, 82.7647, 86.8332, 84.0595, 51.1957, 50.9902, 55.7853, 79.3095, 79.555, 73.7631, 76.844, 82.6196, 81.2158, 69.3542, 66.5282, 65.0538, 112.446, 112.045, 107.815],
[27.6586, 36.4006, 41.1947, 49.0408, 44.643, 44.9444, 22.561, 22.2036, 30, 12.53, 6.40312, 7.07107, 21.1896, 3.16228, 62.1772, 69.7209, 58.8558, 78.7718, 49.4975, 71.5891, 74.6324, 68.7677, 104.484, 38.2753, 34.7131, 40.2616, 44.1814, 43.566, 41.0122, 46.0977, 47.1699, 51.1566, 42.9535, 42.2019, 47.4342, 45.1885, 45.8803, 47.7598, 19.4165, 22.0907, 20.2237, 19.7231, 21.2132, 19.8494, 33.0151, 33, 31.1448, 15.2315, 14.2127, 10.4403, 8.544, 6.08276, 5, 6.32456, 5.38516, 5.38516, 22.3607, 21.4709, 18.6815, 6.08276, 5.65685, 0, 64.846, 60.8358, 59.5399, 68.3593, 69.3542, 70.3491, 57.2713, 61.1882, 59.439, 77.3692, 81.4125, 78.5493, 46.5296, 46.3897, 50.9902, 74.5252, 74.7329, 68.884, 71.2811, 77.0065, 75.6042, 69.814, 66.5282, 65.2993, 106.827, 106.405, 102.176],
[52.0384, 45.2769, 30.2324, 28.4605, 109.005, 109.659, 49.5177, 77.666, 92.6553, 77.3692, 70.7107, 58.1808, 51.788, 67.1193, 3, 21.9545, 19, 14.2127, 54.7814, 59.4138, 35.3412, 111.158, 52.6118, 47.4131, 43.2666, 43.382, 28.6531, 26.6271, 32.7567, 28.6356, 27.313, 25.9615, 106.977, 106.405, 112.004, 110.023, 110.309, 112.401, 51.0882, 47.5079, 49.679, 77.3692, 74.3303, 74.7329, 95.8175, 95.5092, 92.72, 80.0562, 78.7718, 75.1532, 71.3442, 68.6003, 67.2309, 58.5918, 59.4811, 60.9262, 48.8365, 49.0306, 54.1295, 68.6003, 70.2353, 64.846, 0, 4.24264, 6, 24.1661, 24.5967, 25.0599, 17.1172, 17.1172, 16, 12.53, 16.6433, 15, 53.7587, 54.7083, 52.3927, 61.5224, 60.8276, 56.6392, 34.9857, 33.8378, 33.2415, 113.864, 108.19, 108.78, 55.5788, 53.1507, 49.6488],
[49.0102, 41.1825, 26.0768, 24.7386, 105.109, 105.702, 45.2769, 74.1485, 88.8876, 73.3485, 66.6483, 54.231, 48.3735, 63.0635, 3, 21.2603, 16.2788, 18.4391, 53.2259, 59.4643, 37, 108.674, 56.0892, 43.382, 39.1152, 39.3954, 24.5967, 22.4722, 28.6531, 24.6982, 23.4094, 22.3607, 103.121, 102.528, 108.079, 106.024, 106.405, 108.462, 46.8615, 43.2782, 45.4533, 73.7564, 70.859, 71.1969, 92.0489, 91.7606, 89.0225, 76.0592, 74.7061, 71.1758, 67.2309, 64.4981, 63.1348, 54.5619, 55.4617, 57.0088, 45.3982, 45.5412, 50.636, 64.4981, 66.1891, 60.8358, 4.24264, 0, 4.24264, 23.0217, 23.6008, 24.2074, 14.0357, 14.8661, 13.3417, 16.6433, 20.8087, 19.2094, 52, 52.9245, 51, 61.7171, 61.0737, 56.5862, 36.2491, 35.9026, 35.171, 111.306, 105.721, 106.212, 59.0339, 56.7539, 53.1507],
[46.0435, 42.5441, 27.313, 27.1662, 103.47, 104.216, 45.3431, 71.8053, 86.977, 72.0694, 65.5134, 52.7731, 45.8912, 61.9112, 3, 25.4951, 19.9249, 19.2354, 49.2443, 55.2268, 33.2415, 105.224, 53.8516, 44.9444, 40.2492, 41.1096, 26.2488, 23.7697, 30.0832, 26.6833, 25.4951, 25.02, 101.39, 100.846, 106.513, 104.657, 104.785, 106.93, 46.669, 43.1393, 45.2548, 71.5681, 68.4471, 68.884, 90.1388, 89.8109, 86.977, 74.7061, 73.5731, 69.7711, 66.2873, 63.5138, 62.1289, 53.3385, 54.2033, 55.4617, 42.9535, 43.1741, 48.2701, 63.5138, 65, 59.5399, 6, 4.24264, 0, 27.2029, 27.8029, 28.4253, 17.4642, 18.7883, 17.088, 18.0278, 21.9317, 19.2094, 48.1041, 49.0408, 46.9574, 57.4891, 56.8507, 52.345, 32.311, 32.3883, 31.5753, 107.912, 102.259, 102.825, 56.7539, 54.7083, 50.9608],
[65.146, 37.1214, 27.1662, 19.6469, 112.614, 112.379, 47.5395, 86.209, 98.2497, 80.0625, 72.9931, 63.0317, 62.3699, 69.7209, 25.5539, 3.16228, 10.4403, 31.0161, 74.0608, 82.3286, 59.5063, 125.873, 74.027, 37.7359, 36.7696, 33.6155, 24.1868, 25, 27.6586, 22.3607, 21.2132, 17.2627, 111.158, 110.318, 115.122, 112.058, 113.772, 115.317, 50.2195, 46.8722, 49.0306, 85.0529, 83.3847, 83.2166, 101.316, 101.242, 99.0808, 83.0241, 80.604, 78.6384, 72.5672, 70.214, 69.0507, 62.2013, 63.1981, 66.0303, 59.439, 59.2284, 63.9531, 70.214, 72.8354, 68.3593, 24.1661, 23.0217, 27.2029, 0, 1, 2, 13, 9.43398, 11.6619, 28.0179, 31.257, 34.0147, 72.4017, 73.2462, 72.2011, 84.6463, 84.0238, 79.3977, 59.0593, 57.9396, 57.3847, 128.16, 123.016, 123.081, 77.026, 74.0068, 71.0282],
[66.0984, 38.0132, 28.1603, 20.6155, 113.6, 113.358, 48.5077, 87.2066, 99.2472, 81.0494, 73.9797, 64.0312, 63.3482, 70.7107, 26.0768, 3, 11.4018, 31, 74.8866, 82.9759, 59.9333, 126.827, 74.0608, 38.5876, 37.6962, 34.4819, 25.1794, 26, 28.6356, 23.3452, 22.2036, 18.2483, 112.147, 111.306, 116.103, 113.031, 114.756, 116.297, 51.1957, 47.8539, 50.01, 86.0523, 84.3801, 84.214, 102.313, 102.24, 100.08, 84.0119, 81.5843, 79.6304, 73.5459, 71.1969, 70.0357, 63.1981, 64.195, 67.0298, 60.4152, 60.208, 64.9384, 71.1969, 73.8241, 69.3542, 24.5967, 23.6008, 27.8029, 1, 0, 1, 13.9284, 10.2956, 12.53, 28, 31.1448, 34.0588, 73.2462, 74.0945, 73.0069, 85.276, 84.6463, 80.0562, 59.5399, 58.3095, 57.7754, 129.12, 123.968, 124.04, 77.0584, 74, 71.0634],
[67.0522, 38.9102, 29.1548, 21.587, 114.586, 114.337, 49.4773, 88.2043, 100.245, 82.0366, 74.9667, 65.0308, 64.3273, 71.7008, 26.6271, 3.16228, 12.3693, 31.0161, 75.7166, 83.6301, 60.3738, 127.781, 74.108, 39.4462, 38.6264, 35.3553, 26.1725, 27, 29.6142, 24.3311, 23.1948, 19.2354, 113.137, 112.294, 117.085, 114.004, 115.741, 117.277, 52.1728, 48.8365, 50.9902, 87.0517, 85.3756, 85.2115, 103.31, 103.238, 101.079, 85, 82.5651, 80.6226, 74.5252, 72.1803, 71.0211, 64.195, 65.192, 68.0294, 61.3922, 61.1882, 65.9242, 72.1803, 74.8131, 70.3491, 25.0599, 24.2074, 28.4253, 2, 1, 0, 14.8661, 11.1803, 13.4164, 28.0179, 31.0644, 34.1321, 74.0945, 74.9466, 73.8173, 85.9128, 85.276, 80.7217, 60.0333, 58.6941, 58.1808, 130.081, 124.92, 125, 77.1038, 74.0068, 71.1126],
[52.2015, 30.4138, 17, 12.2066, 101.868, 101.922, 38.0132, 74.0068, 86.8332, 69.3758, 62.3618, 51.4781, 49.6488, 58.9406, 17.0294, 13.1529, 2.82843, 29.0689, 61.4003, 71.0282, 50.6952, 112.929, 69.7209, 32.0156, 29.0689, 27.8029, 14.4222, 13.9284, 18.6011, 13.4536, 12.0416, 9.43398, 100.225, 99.4636, 104.547, 101.833, 103.078, 104.809, 40.3113, 36.7696, 39, 73.0274, 71.0634, 71.007, 89.9444, 89.8053, 87.4643, 72.2772, 70.214, 67.6831, 62.2977, 59.7746, 58.5235, 50.9902, 51.9711, 54.4518, 46.6905, 46.5296, 51.3517, 59.7746, 62.0967, 57.2713, 17.1172, 14.0357, 17.4642, 13, 13.9284, 14.8661, 0, 4, 2.23607, 26.4197, 30.5287, 31.0161, 59.6406, 60.4649, 59.6657, 73.4983, 72.9452, 68.0074, 49.6488, 49.8197, 49.0306, 115.248, 110.064, 110.164, 72.6911, 70.214, 66.7533],
[56.0446, 33.3017, 20.6155, 14.8661, 105.759, 105.773, 41.6293, 78.0064, 90.7965, 73.2462, 66.2193, 55.4437, 53.6004, 62.8172, 17.72, 9.21954, 2.82843, 27.5136, 64.6375, 73.4098, 51.8652, 116.76, 69.2604, 34.6554, 32.2025, 30.4138, 17.8885, 17.72, 21.9545, 16.6433, 15.2643, 12.0416, 104.139, 103.368, 108.416, 105.65, 106.963, 108.669, 44.0114, 40.4969, 42.72, 77.026, 75.06, 75.0067, 93.9042, 93.771, 91.444, 76.1577, 74.0405, 71.5891, 66.0984, 63.6003, 62.3618, 54.9181, 55.9017, 58.4209, 50.636, 50.4876, 55.3263, 63.6003, 65.9697, 61.1882, 17.1172, 14.8661, 18.7883, 9.43398, 10.2956, 11.1803, 4, 0, 2.23607, 24.6982, 28.6356, 29.8329, 62.9682, 63.8122, 62.8013, 75.8024, 75.213, 70.4344, 51.0784, 50.6952, 50, 119.105, 113.886, 114.018, 72.2496, 69.5845, 66.2722],
[53.8516, 32.5269, 19.2354, 14.2127, 104.048, 104.12, 40.2492, 76, 88.955, 71.5681, 64.5601, 53.6004, 51.4781, 61.131, 16.2788, 11.4018, 3, 27.313, 62.426, 71.4003, 50.2892, 114.56, 68.469, 34.0588, 31.241, 29.8329, 16.6433, 16.1555, 20.8087, 15.6205, 14.2127, 11.4018, 102.391, 101.637, 106.738, 104.043, 105.262, 107.005, 42.5441, 39, 41.2311, 75.06, 73.0274, 73, 92.0706, 91.9239, 89.56, 74.4648, 72.4224, 69.857, 64.5136, 61.9839, 60.7289, 53.1507, 54.1295, 56.5685, 48.5077, 48.3735, 53.2353, 61.9839, 64.2884, 59.439, 16, 13.3417, 17.088, 11.6619, 12.53, 13.4164, 2.23607, 2.23607, 0, 24.5967, 28.6531, 29.4109, 60.7454, 61.5873, 60.6053, 73.8173, 73.2393, 68.4105, 49.3964, 49.2443, 48.5077, 116.914, 111.683, 111.826, 71.4493, 68.884, 65.4905],
[63.5059, 56.4004, 41.7732, 38.5876, 121.462, 122.156, 61.7171, 89.7385, 105.005, 89.8944, 83.2406, 70.6824, 63.7887, 79.6492, 15.2315, 25, 27.313, 3, 63.561, 64.3506, 36.7696, 121.413, 46.0977, 58.2495, 54.6717, 54.0833, 39.8246, 38.2099, 44.0454, 39.4081, 38.0132, 35.8469, 119.403, 118.849, 124.483, 122.54, 122.772, 124.888, 63.4114, 59.8164, 62.0081, 89.56, 86.3481, 86.8332, 108.167, 107.838, 104.995, 92.5743, 91.3017, 87.6641, 83.863, 81.1234, 79.7559, 71.1196, 72.0069, 73.4098, 60.8769, 61.131, 66.2193, 81.1234, 82.7647, 77.3692, 12.53, 16.6433, 18.0278, 28.0179, 28, 28.0179, 26.4197, 24.6982, 24.5967, 0, 4.24264, 6.32456, 62.9682, 63.9531, 60.8769, 66.0303, 65.215, 61.9112, 37.6431, 34.0588, 33.9706, 124.258, 118.423, 119.206, 49.0918, 46, 43.1045],
[66.9104, 60.6053, 46.0109, 42.72, 125.399, 126.143, 65.9469, 93.4077, 108.849, 93.9415, 87.3212, 74.686, 67.4463, 83.7257, 19.2354, 28.1603, 31.305, 3, 65.9242, 65.3682, 37.0135, 124.197, 43.4166, 62.426, 58.8982, 58.2495, 44.0454, 42.45, 48.2701, 43.6005, 42.2019, 39.9625, 123.309, 122.772, 128.445, 126.562, 126.716, 128.86, 67.624, 64.0312, 66.2193, 93.3006, 89.9889, 90.5207, 112.009, 111.665, 108.784, 96.6023, 95.3834, 91.6788, 87.983, 85.235, 83.863, 75.1798, 76.0592, 77.3886, 64.5601, 64.846, 69.9214, 85.235, 86.8332, 81.4125, 16.6433, 20.8087, 21.9317, 31.257, 31.1448, 31.0644, 30.5287, 28.6356, 28.6531, 4.24264, 0, 5.83095, 65.4905, 66.4831, 63.1506, 66.888, 66.0379, 63.0635, 38.2753, 33.9706, 34.0588, 127.098, 121.202, 122.066, 46.3897, 43.1045, 40.4475],
[62.5859, 60.208, 45.2217, 42.9535, 122.102, 123.004, 64.3506, 89.493, 105.309, 91.0659, 84.5991, 71.6938, 63.5689, 80.9938, 16.9706, 31.0644, 32.28, 3.60555, 60.531, 59.5399, 31.241, 119.067, 40.0125, 62.2656, 58.2495, 58.1808, 43.566, 41.6173, 47.7074, 43.4166, 42.0595, 40.3113, 119.921, 119.436, 125.22, 123.548, 123.438, 125.67, 65.7951, 62.2415, 64.3817, 89.5377, 86.0233, 86.6487, 108.462, 108.079, 105.109, 93.6483, 92.6499, 88.6848, 85.4459, 82.662, 81.2711, 72.4017, 73.2462, 74.3034, 60.7454, 61.0983, 66.1287, 82.662, 84.0595, 78.5493, 15, 19.2094, 19.2094, 34.0147, 34.0588, 34.1321, 31.0161, 29.8329, 29.4109, 6.32456, 5.83095, 0, 60.208, 61.2046, 57.7062, 61.0574, 60.208, 57.2451, 32.45, 28.2843, 28.3196, 122.016, 116.069, 117.004, 43.0116, 40.05, 37.0135],
[19.0263, 62.6099, 54.037, 60.8276, 76.5768, 79.0253, 53.1601, 41.4005, 59.0339, 55.0273, 52.1728, 41.0488, 26, 49.6488, 50.9215, 71.6938, 62.426, 62.514, 3, 25.2982, 39, 59.0085, 68.6003, 65.7419, 59.4811, 64.4981, 55.9732, 53.0754, 56.4004, 58.0517, 58, 60.8276, 73.6614, 73.7564, 80.1561, 80.8022, 77.9872, 80.9197, 51.4198, 50.2892, 50.6952, 43.2666, 38.0132, 39.6611, 61.7171, 60.959, 57.3847, 56.0803, 57.8705, 51.8652, 54.9181, 52.6118, 51.4781, 44.0114, 44.0454, 41.3038, 26.1725, 27.1662, 28.0713, 52.6118, 51.1957, 46.5296, 53.7587, 52, 48.1041, 72.4017, 73.2462, 74.0945, 59.6406, 62.9682, 60.7454, 62.9682, 65.4905, 60.208, 0, 1, 5, 28.1603, 28.4605, 22.8473, 35.4683, 42.72, 41.4367, 62.0725, 56.0089, 57.1402, 70.1783, 71.1969, 67.1193],
[19, 63.0635, 54.6717, 61.5224, 75.9276, 78.4092, 53.4509, 40.8044, 58.4123, 54.7083, 51.9711, 41.0122, 26.0192, 49.4975, 51.8652, 72.5603, 63.2456, 63.5059, 3.16228, 25.632, 39.9249, 58.0086, 69.4622, 66.1891, 59.9416, 65, 56.6392, 53.7587, 57.0088, 58.7282, 58.6941, 61.5549, 73, 73.1095, 79.511, 80.2122, 77.3369, 80.2808, 51.6624, 50.5964, 50.9608, 42.72, 37.4433, 39.1152, 61.0737, 60.3075, 56.7274, 55.7136, 57.5674, 51.5461, 54.7449, 52.469, 51.3517, 44, 44.0114, 41.1947, 26.3059, 27.2947, 28.0179, 52.469, 50.9902, 46.3897, 54.7083, 52.9245, 49.0408, 73.2462, 74.0945, 74.9466, 60.4649, 63.8122, 61.5873, 63.9531, 66.4831, 61.2046, 1, 0, 5.65685, 28.4605, 28.7924, 23.2594, 36.4006, 43.6578, 42.3792, 61.0737, 55.0091, 56.1427, 71.0211, 72.0694, 68],
[23.3452, 65, 55.4707, 61.8466, 81.5659, 84.0238, 56.2939, 46.4004, 64.0312, 59.808, 56.7539, 45.2769, 30.1496, 54.1295, 49.6588, 71.2811, 62.482, 60.208, 3.16228, 20.6155, 34.7851, 62.2013, 64.0078, 68.1542, 61.8466, 66.6408, 57.2014, 54.2033, 57.9828, 59.203, 59.0339, 61.6198, 78.6448, 78.7464, 85.1469, 85.8021, 82.9759, 85.9128, 54.7449, 53.3667, 53.9351, 48.2597, 43.0116, 44.6542, 66.7083, 65.9469, 62.3699, 60.9262, 62.6259, 56.648, 59.439, 57.0701, 55.9017, 48.1664, 48.2597, 45.7056, 30, 31, 32.3883, 57.0701, 55.7853, 50.9902, 52.3927, 51, 46.9574, 72.2011, 73.0069, 73.8173, 59.6657, 62.8013, 60.6053, 60.8769, 63.1506, 57.7062, 5, 5.65685, 0, 23.5372, 23.7697, 18.0278, 31.3209, 38.6005, 37.3631, 65.3758, 59.2115, 60.531, 65.5134, 66.6483, 62.6099],
[46.8722, 85.3756, 73.736, 78.721, 102.903, 105.688, 78.3135, 68.4763, 85.7555, 83.1685, 80.2808, 68.7314, 53.6004, 77.666, 59.4643, 82.9759, 76.2758, 64.3506, 25.2982, 3, 30.4631, 72.6154, 51.6236, 88.5268, 82.2253, 86.4002, 74.8465, 71.6938, 76.5506, 76.5572, 76.0592, 77.8267, 99.8649, 100.125, 106.508, 107.703, 104.293, 107.336, 77.1038, 75.326, 76.1643, 70.6612, 65.2993, 67.082, 88.2043, 87.367, 83.7616, 84.1546, 86.0233, 80.0062, 82.9759, 80.604, 79.4292, 71.5681, 71.7008, 69.2315, 53.2353, 54.231, 55.9017, 80.604, 79.3095, 74.5252, 61.5224, 61.7171, 57.4891, 84.6463, 85.276, 85.9128, 73.4983, 75.8024, 73.8173, 66.0303, 66.888, 61.0574, 28.1603, 28.4605, 23.5372, 0, 1, 6.08276, 28.6531, 34.176, 33.6155, 76.1577, 69.857, 72.0139, 52.1728, 54.5894, 51.2445],
[47.0744, 85.1469, 73.3894, 78.2943, 103.47, 106.231, 78.2304, 68.9638, 86.2844, 83.4865, 80.5233, 68.884, 53.7587, 77.8781, 58.7963, 82.3286, 75.7166, 63.5138, 25.632, 3.16228, 29.5466, 73.5391, 50.636, 88.295, 82, 86.1278, 74.4648, 71.3092, 76.2168, 76.1577, 75.6439, 77.3692, 100.439, 100.688, 107.075, 108.227, 104.862, 107.898, 77.0584, 75.2396, 76.1052, 71.1196, 65.7647, 67.5352, 88.7525, 87.9204, 84.3149, 84.5044, 86.3308, 80.3243, 83.1986, 80.8084, 79.6241, 71.7008, 71.8471, 69.4262, 53.3385, 54.3323, 56.0892, 80.8084, 79.555, 74.7329, 60.8276, 61.0737, 56.8507, 84.0238, 84.6463, 85.276, 72.9452, 75.213, 73.2393, 65.215, 66.0379, 60.208, 28.4605, 28.7924, 23.7697, 1, 0, 6, 27.7849, 33.2415, 32.6956, 77.0779, 70.7743, 72.9178, 51.1957, 53.6004, 50.2494],
[41.2311, 79.3095, 67.7791, 72.8972, 98.6002, 101.257, 72.2496, 63.8122, 81.2711, 77.8332, 74.7262, 62.9682, 47.8539, 72.0347, 54.4518, 77.8332, 70.8025, 60.4152, 20.1246, 3.16228, 27.6586, 71.4703, 51.923, 82.4621, 76.1577, 80.3617, 68.942, 65.7951, 70.5762, 70.6824, 70.214, 72.0694, 95.6033, 95.8019, 102.201, 103.175, 100, 103.005, 71.0634, 69.2604, 70.1142, 65.8635, 60.5392, 62.2656, 83.8153, 83.006, 79.404, 78.924, 80.6536, 74.6726, 77.3692, 74.9533, 73.7564, 65.7647, 65.9242, 63.561, 47.3814, 48.3735, 50.2195, 74.9533, 73.7631, 68.884, 56.6392, 56.5862, 52.345, 79.3977, 80.0562, 80.7217, 68.0074, 70.4344, 68.4105, 61.9112, 63.0635, 57.2451, 22.8473, 23.2594, 18.0278, 6.08276, 6, 0, 25.2982, 31.5753, 30.8058, 74.9466, 68.6222, 70.5762, 52.811, 54.8179, 51.1957],
[46.6905, 69.1809, 55.0091, 57.7062, 109.225, 111.126, 66.4831, 74.027, 91.5478, 82.6196, 77.666, 64.3506, 51.0882, 74.3303, 33.541, 56.9386, 52.2015, 35.805, 34.4819, 27.313, 3.60555, 93.0591, 34.0588, 72.111, 66.2722, 69.0072, 55.1453, 52.0865, 58.0086, 56.3205, 55.4437, 56.0892, 106.527, 106.405, 112.699, 112.45, 110.635, 113.358, 66.4078, 63.6003, 65.146, 75.1665, 70.4344, 71.7008, 94.4934, 93.8616, 90.4268, 84.5044, 85, 79.6492, 79.6116, 76.8505, 75.4718, 66.3702, 66.888, 66.0303, 49.2037, 50, 53.9073, 76.8505, 76.844, 71.2811, 34.9857, 36.2491, 32.311, 59.0593, 59.5399, 60.0333, 49.6488, 51.0784, 49.3964, 37.6431, 38.2753, 32.45, 35.4683, 36.4006, 31.3209, 28.6531, 27.7849, 25.2982, 0, 7.28011, 6.08276, 96.3379, 90.0944, 91.5915, 36.0694, 36.4006, 32.2025],
[53.2635, 72.0069, 57.3149, 59.0339, 115.884, 117.686, 70.5762, 80.8022, 98.2344, 88.6172, 83.4086, 70, 57.28, 80, 32.9848, 55.5428, 52.1728, 31.8277, 41.7612, 33.2415, 4, 100.285, 27.5862, 74.8131, 69.2315, 71.4493, 57.0789, 54.1479, 60.2993, 58.0086, 57, 57.1402, 113.23, 113.071, 119.331, 118.929, 117.29, 119.971, 70.7743, 67.7791, 69.4622, 81.8352, 77.201, 78.4092, 101.213, 100.603, 97.2008, 90.609, 90.9065, 85.703, 85.2115, 82.4197, 81.0247, 71.8471, 72.4224, 71.8401, 55.2268, 55.9732, 60.1082, 82.4197, 82.6196, 77.0065, 33.8378, 35.9026, 32.3883, 57.9396, 58.3095, 58.6941, 49.8197, 50.6952, 49.2443, 34.0588, 33.9706, 28.2843, 42.72, 43.6578, 38.6005, 34.176, 33.2415, 31.5753, 7.28011, 0, 1.41421, 103.576, 97.3242, 98.8433, 29.8329, 29.7321, 25.4951],
[51.8556, 70.859, 56.2228, 58.0775, 114.477, 116.276, 69.2892, 79.404, 96.8298, 87.2066, 82.0061, 68.6003, 55.8659, 78.6003, 32.28, 55.0364, 51.4198, 31.8277, 40.5216, 32.573, 3.16228, 99.1413, 29, 73.6817, 68.0661, 70.3491, 56.0357, 53.0848, 59.2115, 57, 56.0089, 56.2228, 111.826, 111.665, 117.924, 117.516, 115.884, 118.562, 69.4622, 66.4831, 68.1542, 80.4301, 75.8024, 77.0065, 99.8098, 99.2018, 95.8019, 89.1964, 89.4986, 84.2912, 83.8153, 81.0247, 79.6304, 70.4557, 71.0282, 70.4344, 53.8145, 54.5619, 58.6941, 81.0247, 81.2158, 75.6042, 33.2415, 35.171, 31.5753, 57.3847, 57.7754, 58.1808, 49.0306, 50, 48.5077, 33.9706, 34.0588, 28.3196, 41.4367, 42.3792, 37.3631, 33.6155, 32.6956, 30.8058, 6.08276, 1.41421, 0, 102.421, 96.1769, 97.6729, 31.241, 31.1448, 26.9072],
[63.0635, 104.446, 103.619, 111.79, 56.2939, 60.4152, 90.7359, 47.634, 49.7393, 65.8559, 70.0357, 71.0211, 66.1287, 70.9366, 110.887, 128.316, 117.72, 124.101, 62.2896, 75.0267, 99.6394, 3.60555, 126.827, 106.85, 102.083, 107.912, 106.405, 104.403, 104.785, 108.632, 109.202, 112.947, 53.6004, 54.8179, 58.8558, 63.561, 57.0701, 59.8415, 87.6641, 89.1852, 87.983, 50.3289, 48.8262, 50, 49.1935, 48.3011, 46.6476, 63.8905, 68.1175, 64.3506, 72.8354, 72.9178, 73, 73.4983, 72.6705, 68.5055, 68.9493, 69.2892, 65, 72.9178, 69.3542, 69.814, 113.864, 111.306, 107.912, 128.16, 129.12, 130.081, 115.248, 119.105, 116.914, 124.258, 127.098, 122.016, 62.0725, 61.0737, 65.3758, 76.1577, 77.0779, 74.9466, 96.3379, 103.576, 102.421, 0, 6.32456, 5.09902, 127.758, 129.692, 125.96],
[57.8705, 100.404, 98.8989, 107.019, 57.3149, 61.4003, 86.8389, 44.5533, 48.8467, 63.6003, 67.2681, 67.2012, 61.327, 67.8822, 105.224, 123.081, 112.579, 118.207, 56.1427, 68.7095, 93.3809, 3, 120.503, 102.903, 97.9439, 103.774, 101.637, 99.5389, 100.18, 103.87, 104.389, 108.079, 54.4518, 55.5788, 60.1332, 64.4981, 58.2151, 61.131, 83.8153, 85.1469, 84.0536, 47.4236, 45.3431, 46.6905, 48.7032, 47.7598, 45.6946, 61.8547, 66.0303, 61.8466, 70.1783, 70.0357, 70.0071, 69.814, 69.029, 64.8151, 64.0781, 64.4748, 60.3738, 70.0357, 66.5282, 66.5282, 108.19, 105.721, 102.259, 123.016, 123.968, 124.92, 110.064, 113.886, 111.683, 118.423, 121.202, 116.069, 56.0089, 55.0091, 59.2115, 69.857, 70.7743, 68.6222, 90.0944, 97.3242, 96.1769, 6.32456, 0, 3.16228, 121.433, 123.369, 119.641],
[57.9741, 99.6444, 98.6154, 106.775, 54.4518, 58.5491, 85.9826, 43.1856, 46.5188, 61.8466, 65.7647, 66.2873, 61.0983, 66.5282, 105.802, 123.227, 112.641, 119.067, 57.4282, 70.7743, 94.921, 3.60555, 122.381, 102.083, 97.2471, 103.078, 101.39, 99.368, 99.8098, 103.619, 104.178, 107.912, 51.6236, 52.7731, 57.2189, 61.6604, 55.3263, 58.2151, 82.9277, 84.3801, 83.2166, 45.9674, 44.2041, 45.4533, 46.2385, 45.31, 43.382, 60, 64.2028, 60.208, 68.6222, 68.593, 68.6222, 68.8186, 68.0074, 63.8201, 63.9062, 64.2573, 60.0083, 68.593, 65.0538, 65.2993, 108.78, 106.212, 102.825, 123.081, 124.04, 125, 110.164, 114.018, 111.826, 119.206, 122.066, 117.004, 57.1402, 56.1427, 60.531, 72.0139, 72.9178, 70.5762, 91.5915, 98.8433, 97.6729, 5.09902, 3.16228, 0, 123.369, 125.228, 121.458],
[82.7587, 98.9798, 83.8153, 83.7437, 145.248, 147.187, 99.2824, 109.986, 127.562, 118.444, 113.23, 99.8098, 87.046, 109.809, 56.0892, 74.0608, 74.4312, 46.0977, 68.6003, 52.8867, 32.5269, 124.278, 3, 101.533, 96.4624, 97.8008, 82.9699, 80.3617, 86.6833, 83.4326, 82.2253, 81.3941, 142.524, 142.425, 148.735, 148.519, 146.659, 149.402, 99.7647, 96.6023, 98.4124, 111.198, 106.405, 107.713, 130.484, 129.835, 126.372, 120.416, 120.739, 115.521, 115, 112.201, 110.802, 101.607, 102.201, 101.671, 85.0412, 85.7963, 89.8721, 112.201, 112.446, 106.827, 55.5788, 59.0339, 56.7539, 77.026, 77.0584, 77.1038, 72.6911, 72.2496, 71.4493, 49.0918, 46.3897, 43.0116, 70.1783, 71.0211, 65.5134, 52.1728, 51.1957, 52.811, 36.0694, 29.8329, 31.241, 127.758, 121.433, 123.369, 0, 4.24264, 6],
[82.9759, 97.1442, 81.9329, 81.4923, 145.578, 147.411, 98.0051, 110.422, 127.914, 118.191, 112.805, 99.3579, 86.977, 109.343, 53.8516, 71, 71.8471, 43, 69.7711, 55.109, 32.8024, 126.242, 3, 99.6243, 94.7048, 95.8175, 80.9568, 78.4347, 84.7585, 81.3204, 80.0812, 79.0759, 142.902, 142.762, 149.037, 148.661, 146.986, 149.683, 98.6154, 95.3834, 97.2471, 111.521, 106.827, 108.074, 130.874, 130.25, 126.823, 120.241, 120.416, 115.313, 114.477, 111.665, 110.259, 101.045, 101.671, 101.316, 84.8646, 85.5862, 89.8053, 111.665, 112.045, 106.405, 53.1507, 56.7539, 54.7083, 74.0068, 74, 74.0068, 70.214, 69.5845, 68.884, 46, 43.1045, 40.05, 71.1969, 72.0694, 66.6483, 54.5894, 53.6004, 54.8179, 36.4006, 29.7321, 31.1448, 129.692, 123.369, 125.228, 4.24264, 0, 4.24264],
[78.7464, 93.3006, 78.1089, 77.8781, 141.354, 143.178, 93.9415, 106.212, 123.693, 113.952, 108.577, 95.1315, 82.7345, 105.119, 50.2195, 68.0661, 68.469, 40.1123, 65.7419, 51.6236, 28.6007, 122.528, 3, 95.8175, 90.824, 92.0489, 77.201, 74.6324, 80.9568, 77.6209, 76.4003, 75.505, 138.683, 138.539, 144.81, 144.423, 142.762, 145.454, 94.5145, 91.3017, 93.1504, 107.299, 102.616, 103.856, 126.657, 126.036, 122.613, 116, 116.181, 111.072, 110.259, 107.448, 106.042, 96.8298, 97.4526, 97.0824, 80.6226, 81.3449, 85.5628, 107.448, 107.815, 102.176, 49.6488, 53.1507, 50.9608, 71.0282, 71.0634, 71.1126, 66.7533, 66.2722, 65.4905, 43.1045, 40.4475, 37.0135, 67.1193, 68, 62.6099, 51.2445, 50.2494, 51.1957, 32.2025, 25.4951, 26.9072, 125.96, 119.641, 121.458, 6, 4.24264, 0]];

float o=2;

int P[A][S]=
[[1,0,0,0,0,0,0,0,0,0,0,0,0,0,0,0,0,0,0,0,0,0,1,1,1,0,0,0,0,0,0,0,0,0,0,0,0,0,0,0,0,0,0,0,0,0,0,0,0,0,0,0,0,0,0,0,0,0,0,0,0,0,0,0,0,0,0,0,0,0,0,0,0,0,0,0,0,0,0,0,0,0,0,0,0,0,0,0],
[0,1,0,0,0,0,0,0,0,0,0,0,0,0,0,0,0,0,0,0,0,0,0,0,0,1,1,1,0,0,0,0,0,0,0,0,0,0,0,0,0,0,0,0,0,0,0,0,0,0,0,0,0,0,0,0,0,0,0,0,0,0,0,0,0,0,0,0,0,0,0,0,0,0,0,0,0,0,0,0,0,0,0,0,0,0,0,0],
[0,0,1,0,0,0,0,0,0,0,0,0,0,0,0,0,0,0,0,0,0,0,0,0,0,0,0,0,1,1,1,0,0,0,0,0,0,0,0,0,0,0,0,0,0,0,0,0,0,0,0,0,0,0,0,0,0,0,0,0,0,0,0,0,0,0,0,0,0,0,0,0,0,0,0,0,0,0,0,0,0,0,0,0,0,0,0,0],
[0,0,0,1,0,0,0,0,0,0,0,0,0,0,0,0,0,0,0,0,0,0,0,0,0,0,0,0,0,0,0,1,1,1,0,0,0,0,0,0,0,0,0,0,0,0,0,0,0,0,0,0,0,0,0,0,0,0,0,0,0,0,0,0,0,0,0,0,0,0,0,0,0,0,0,0,0,0,0,0,0,0,0,0,0,0,0,0],
[0,0,0,0,1,0,0,0,0,0,0,0,0,0,0,0,0,0,0,0,0,0,0,0,0,0,0,0,0,0,0,0,0,0,1,1,1,0,0,0,0,0,0,0,0,0,0,0,0,0,0,0,0,0,0,0,0,0,0,0,0,0,0,0,0,0,0,0,0,0,0,0,0,0,0,0,0,0,0,0,0,0,0,0,0,0,0,0],
[0,0,0,0,0,1,0,0,0,0,0,0,0,0,0,0,0,0,0,0,0,0,0,0,0,0,0,0,0,0,0,0,0,0,0,0,0,1,1,1,0,0,0,0,0,0,0,0,0,0,0,0,0,0,0,0,0,0,0,0,0,0,0,0,0,0,0,0,0,0,0,0,0,0,0,0,0,0,0,0,0,0,0,0,0,0,0,0],
[0,0,0,0,0,0,1,0,0,0,0,0,0,0,0,0,0,0,0,0,0,0,0,0,0,0,0,0,0,0,0,0,0,0,0,0,0,0,0,0,1,1,1,0,0,0,0,0,0,0,0,0,0,0,0,0,0,0,0,0,0,0,0,0,0,0,0,0,0,0,0,0,0,0,0,0,0,0,0,0,0,0,0,0,0,0,0,0],
[0,0,0,0,0,0,0,1,0,0,0,0,0,0,0,0,0,0,0,0,0,0,0,0,0,0,0,0,0,0,0,0,0,0,0,0,0,0,0,0,0,0,0,1,1,1,0,0,0,0,0,0,0,0,0,0,0,0,0,0,0,0,0,0,0,0,0,0,0,0,0,0,0,0,0,0,0,0,0,0,0,0,0,0,0,0,0,0],
[0,0,0,0,0,0,0,0,1,0,0,0,0,0,0,0,0,0,0,0,0,0,0,0,0,0,0,0,0,0,0,0,0,0,0,0,0,0,0,0,0,0,0,0,0,0,1,1,1,0,0,0,0,0,0,0,0,0,0,0,0,0,0,0,0,0,0,0,0,0,0,0,0,0,0,0,0,0,0,0,0,0,0,0,0,0,0,0],
[0,0,0,0,0,0,0,0,0,1,0,0,0,0,0,0,0,0,0,0,0,0,0,0,0,0,0,0,0,0,0,0,0,0,0,0,0,0,0,0,0,0,0,0,0,0,0,0,0,1,1,1,0,0,0,0,0,0,0,0,0,0,0,0,0,0,0,0,0,0,0,0,0,0,0,0,0,0,0,0,0,0,0,0,0,0,0,0],
[0,0,0,0,0,0,0,0,0,0,1,0,0,0,0,0,0,0,0,0,0,0,0,0,0,0,0,0,0,0,0,0,0,0,0,0,0,0,0,0,0,0,0,0,0,0,0,0,0,0,0,0,1,1,1,0,0,0,0,0,0,0,0,0,0,0,0,0,0,0,0,0,0,0,0,0,0,0,0,0,0,0,0,0,0,0,0,0],
[0,0,0,0,0,0,0,0,0,0,0,1,0,0,0,0,0,0,0,0,0,0,0,0,0,0,0,0,0,0,0,0,0,0,0,0,0,0,0,0,0,0,0,0,0,0,0,0,0,0,0,0,0,0,0,1,1,1,0,0,0,0,0,0,0,0,0,0,0,0,0,0,0,0,0,0,0,0,0,0,0,0,0,0,0,0,0,0],
[0,0,0,0,0,0,0,0,0,0,0,0,1,0,0,0,0,0,0,0,0,0,0,0,0,0,0,0,0,0,0,0,0,0,0,0,0,0,0,0,0,0,0,0,0,0,0,0,0,0,0,0,0,0,0,0,0,0,1,1,1,0,0,0,0,0,0,0,0,0,0,0,0,0,0,0,0,0,0,0,0,0,0,0,0,0,0,0],
[0,0,0,0,0,0,0,0,0,0,0,0,0,1,0,0,0,0,0,0,0,0,0,0,0,0,0,0,0,0,0,0,0,0,0,0,0,0,0,0,0,0,0,0,0,0,0,0,0,0,0,0,0,0,0,0,0,0,0,0,0,1,1,1,0,0,0,0,0,0,0,0,0,0,0,0,0,0,0,0,0,0,0,0,0,0,0,0],
[0,0,0,0,0,0,0,0,0,0,0,0,0,0,1,0,0,0,0,0,0,0,0,0,0,0,0,0,0,0,0,0,0,0,0,0,0,0,0,0,0,0,0,0,0,0,0,0,0,0,0,0,0,0,0,0,0,0,0,0,0,0,0,0,1,1,1,0,0,0,0,0,0,0,0,0,0,0,0,0,0,0,0,0,0,0,0,0],
[0,0,0,0,0,0,0,0,0,0,0,0,0,0,0,1,0,0,0,0,0,0,0,0,0,0,0,0,0,0,0,0,0,0,0,0,0,0,0,0,0,0,0,0,0,0,0,0,0,0,0,0,0,0,0,0,0,0,0,0,0,0,0,0,0,0,0,1,1,1,0,0,0,0,0,0,0,0,0,0,0,0,0,0,0,0,0,0],
[0,0,0,0,0,0,0,0,0,0,0,0,0,0,0,0,1,0,0,0,0,0,0,0,0,0,0,0,0,0,0,0,0,0,0,0,0,0,0,0,0,0,0,0,0,0,0,0,0,0,0,0,0,0,0,0,0,0,0,0,0,0,0,0,0,0,0,0,0,0,1,1,1,0,0,0,0,0,0,0,0,0,0,0,0,0,0,0],
[0,0,0,0,0,0,0,0,0,0,0,0,0,0,0,0,0,1,0,0,0,0,0,0,0,0,0,0,0,0,0,0,0,0,0,0,0,0,0,0,0,0,0,0,0,0,0,0,0,0,0,0,0,0,0,0,0,0,0,0,0,0,0,0,0,0,0,0,0,0,0,0,0,1,1,1,0,0,0,0,0,0,0,0,0,0,0,0],
[0,0,0,0,0,0,0,0,0,0,0,0,0,0,0,0,0,0,1,0,0,0,0,0,0,0,0,0,0,0,0,0,0,0,0,0,0,0,0,0,0,0,0,0,0,0,0,0,0,0,0,0,0,0,0,0,0,0,0,0,0,0,0,0,0,0,0,0,0,0,0,0,0,0,0,0,1,1,1,0,0,0,0,0,0,0,0,0],
[0,0,0,0,0,0,0,0,0,0,0,0,0,0,0,0,0,0,0,1,0,0,0,0,0,0,0,0,0,0,0,0,0,0,0,0,0,0,0,0,0,0,0,0,0,0,0,0,0,0,0,0,0,0,0,0,0,0,0,0,0,0,0,0,0,0,0,0,0,0,0,0,0,0,0,0,0,0,0,1,1,1,0,0,0,0,0,0],
[0,0,0,0,0,0,0,0,0,0,0,0,0,0,0,0,0,0,0,0,1,0,0,0,0,0,0,0,0,0,0,0,0,0,0,0,0,0,0,0,0,0,0,0,0,0,0,0,0,0,0,0,0,0,0,0,0,0,0,0,0,0,0,0,0,0,0,0,0,0,0,0,0,0,0,0,0,0,0,0,0,0,1,1,1,0,0,0],
[0,0,0,0,0,0,0,0,0,0,0,0,0,0,0,0,0,0,0,0,0,1,0,0,0,0,0,0,0,0,0,0,0,0,0,0,0,0,0,0,0,0,0,0,0,0,0,0,0,0,0,0,0,0,0,0,0,0,0,0,0,0,0,0,0,0,0,0,0,0,0,0,0,0,0,0,0,0,0,0,0,0,0,0,0,1,1,1]];

int F[K]=[0,0,0]; // Fixed cost of openning a route
int Q[K]=[45000,45000,45000]; // Capacity of the vehicle K
int d[S]=[12987,2880,4294,4596,7445,3432,2565,8766,12105,1232,8713,3945,6440,2184,4416,4200,15252,1620,8835,3786,1152,7920,12987,12987,12987,2880,2880,2880,4294,4294,4294,4596,4596,4596,7445,7445,7445,3432,3432,3432,2565,2565,2565,8766,8766,8766,12105,12105,12105,1232,1232,1232,8713,8713,8713,3945,3945,3945,6440,6440,6440,2184,2184,2184,4416,4416,4416,4200,4200,4200,15252,15252,15252,1620,1620,1620,8835,8835,8835,3786,3786,3786,1152,1152,1152,7920,7920,7920];
//float r[M]=[0.0065359477124183, 0.0130718954248366, 0.0196078431372549, 0.0261437908496732, 0.0326797385620915, 0.0392156862745098, 0.0457516339869281, 0.0522875816993464, 0.0588235294117647, 0.065359477124183, 0.0718954248366013, 0.0784313725490196, 0.0849673202614379, 0.0915032679738562, 0.0980392156862745, 0.104575163398693, 0.111111111111111, 0.117647058823529, 0.124183006535948, 0.130718954248366, 0.137254901960784, 0.143790849673203, 0.150326797385621, 0.156862745098039, 0.163398692810458, 0.169934640522876, 0.176470588235294, 0.183006535947712, 0.189542483660131, 0.196078431372549, 0.202614379084967, 0.209150326797386, 0.215686274509804, 0.222222222222222, 0.22875816993464, 0.235294117647059, 0.241830065359477, 0.248366013071895, 0.254901960784314, 0.261437908496732, 0.26797385620915, 0.274509803921569, 0.281045751633987, 0.287581699346405, 0.294117647058823, 0.300653594771242, 0.30718954248366, 0.313725490196078, 0.320261437908497, 0.326797385620915, 0.333333333333333, 0.339869281045752, 0.34640522875817, 0.352941176470588, 0.359477124183006, 0.366013071895425, 0.372549019607843, 0.379084967320261, 0.38562091503268, 0.392156862745098, 0.398692810457516, 0.405228758169935, 0.411764705882353, 0.418300653594771, 0.42483660130719, 0.431372549019608, 0.437908496732026, 0.444444444444444, 0.450980392156863, 0.457516339869281, 0.464052287581699, 0.470588235294118, 0.477124183006536, 0.483660130718954, 0.490196078431373, 0.496732026143791, 0.503267973856209, 0.509803921568627, 0.516339869281046, 0.522875816993464, 0.529411764705882, 0.535947712418301, 0.542483660130719, 0.549019607843137, 0.555555555555556, 0.562091503267974, 0.568627450980392, 0.57516339869281, 0.581699346405229, 0.588235294117647, 0.594771241830065, 0.601307189542484, 0.607843137254902, 0.61437908496732, 0.620915032679739, 0.627450980392157, 0.633986928104575, 0.640522875816993, 0.647058823529412, 0.65359477124183, 0.660130718954248, 0.666666666666667, 0.673202614379085, 0.679738562091503, 0.686274509803922, 0.69281045751634, 0.699346405228758, 0.705882352941176, 0.712418300653595, 0.718954248366013, 0.725490196078431, 0.73202614379085, 0.738562091503268, 0.745098039215686, 0.751633986928105, 0.758169934640523, 0.764705882352941, 0.77124183006536, 0.777777777777778, 0.784313725490196, 0.790849673202614, 0.797385620915033, 0.803921568627451, 0.810457516339869, 0.816993464052288, 0.823529411764706, 0.830065359477124, 0.836601307189543, 0.843137254901961, 0.849673202614379, 0.856209150326797, 0.862745098039216, 0.869281045751634, 0.875816993464052, 0.882352941176471, 0.888888888888889, 0.895424836601307, 0.901960784313726, 0.908496732026144, 0.915032679738562, 0.92156862745098, 0.928104575163399, 0.934640522875817, 0.941176470588235, 0.947712418300653, 0.954248366013072, 0.96078431372549, 0.967320261437908, 0.973856209150327, 0.980392156862745, 0.986928104575163, 0.993464052287582, 1]; // Relative size of configuration m on vehicle k


/***Varieables***/
dvar boolean x[V][V][K]; // if k goes from i to j
dvar boolean y[A][S]; // if j is relocated from i to j
//dvar boolean u[S][K][M]; // if size m is selected for customer j in vehicle k
dvar boolean z[K][S]; // if the demand of customer j is recolected by k
dvar boolean b[D][S]; // if customer j is assigned to depot i
dvar float kapa[V][K]; // demand recolected in point i

/***Objective function***/
minimize sum(i in A, j in S: i!=j)y[i][j]*o + sum(i in V, j in V, k in K)x[i][j][k]*c[i][j] + sum(i in D, j in S, k in K)F[k]*x[i][j][k];

/***Constraints***/
subject to{

// A customer can only be relocated to a permited position
forall(i in A, j in S)
  y[i][j]<=P[i][j];

// A customer can only be relocated once
forall(i in A)
  sum(j in S)y[i][j]==1;

// A position can only be picked once 
/*forall(j in S)
  sum(i in A)y[i][j]==1;*/

// The vehicle can only move to selected positions
forall(j in S)
  sum(i in V: i!=j,k in K)x[i][j][k]==sum(i in A)y[i][j];

// The vehicle must start his route in a depot  
forall(k in K)
  sum(i in D, j in S)x[i][j][k]==1;

// The vehicle must end his route in a depot  
forall(k in K)
  sum(i in D, j in S)x[j][i][k]==1;

// This constraint links the vehicle route to his depot  
forall(i in D, j in S, k in K)
  sum(u in S)x[i][u][k]+sum(u in V: u!=i)x[u][j][k]<=1+b[i][j];
  
// Continous flow in routing  
forall(i in V, k in K)
  sum(j in V)x[i][j][k]-sum(j in V)x[j][i][k]==0;

// The number of selected compartments cant exceed the number max of compartments
/*
forall(k in K)
  sum(j in S, m in M)u[j][k][m]<=maxCompartments;*/
  
// If a vehicle visite a node, it must pick his demand
forall(j in S, k in K)
  sum(i in V)x[i][j][k]==z[k][j];

// The demand assigned to each vehicle cant exceed his capacity 
/* 
forall(k in K)
  sum(j in S)d[j]*z[k][j]<=Q[k]*sum(m in M, j in S)r[m]*u[j][k][m];
  
// The demand assigned to each vehicle (per customer) cant exceed his capacity 
forall(k in K, j in S)
  d[j]*z[k][j]<=Q[k]*sum(m in M)r[m]*u[j][k][m];*/
  
// The demand assigned to each vehicle cant exceed his capacity  
forall(k in K)
  sum(j in S)d[j]*z[k][j]<=Q[k];
  
// The demand assigned to each vehicle (per customer) cant exceed his capacity 
forall(k in K, j in S)
  d[j]*z[k][j]<=Q[k];

// The configuration of compartments in the vehicle must be the whole vehcile capacity
/*
forall(j in S)
  sum(m in M, k in K)u[j][k][m]==sum(i in A)y[i][j];
  
forall(k in K)
  sum(m in M, j in S)u[j][k][m]*r[m]==1; */

//MTZ
 
forall(i,j in S: i!=j, k in K)
  kapa[i][k]-kapa[j][k]+Q[k]*x[i][j][k]<=Q[k]-d[j];
  
forall(i,j in S, k in K)
  d[i]+d[j]<=Q[k];
  
forall(i in S, k in K)
  d[i]<=kapa[i][k]<=Q[k];   
}








