/*********************************************
 * OPL 12.8.0.0 Model
 * Author: sebashc
 * Creation Date: 18/05/2018 at 4:11:38 p. m.
 *********************************************/
 execute
{
cplex.tilim=3000;
cplex.epgap=0.01;
} 
 
/***Constants***/
int depots=1; // Number of depots
int positions=60; // Number of current positions + (current positions + posibles positions)
int currentPositions=15; // Current positions
int vehicles=2; // Number of vehicles
int maxCompartments=153; // Number of max compartments of the vehicle

/***Sets***/
range D=1..depots; // Set of depots
range V=1..depots+positions; // Set of vertices
range S=depots+1..depots+positions; // Set of current positions + posibles positions
range A=depots+1..depots+currentPositions; // Set of current positions
range K=1..vehicles; // Set of vehicles
range M=1..maxCompartments; // Set of posibles configurations of compartments

/***Parametres***/
float c[V][V]=
[[0, 13.8924, 21.0238, 32.5576, 17.2047, 14.1421, 11.4018, 26.4197, 22.0227, 23.0868, 28.3196, 12.0416, 8.06226, 29.1548, 18.1108, 24.7386, 16.4012, 13.6015, 15.6205, 21.6333, 18.3576, 21.6333, 35.3553, 34.6554, 29.8329, 20.8087, 16.5529, 18.7883, 12.2066, 17.0294, 11.4018, 9.21954, 8.06226, 9.21954, 25.0799, 29.0689, 29.6816, 21.095, 22.3607, 22.3607, 22.3607, 25.9615, 25.632, 31.1127, 30.6105, 31.1127, 9.05539, 15.0333, 15.1327, 5.09902, 8.94427, 6.32456, 32.7567, 27.2029, 27.7308, 16.7631, 21.2132, 15.2971, 27.8927, 26.5707, 28.1603],
[13.8924, 0, 12.3693, 19.2094, 31.0644, 22.2036, 16.7631, 22.8254, 11.6619, 24.2074, 34.0147, 12.083, 20.8806, 41.8688, 26.9258, 36.0139, 3.16228, 3.16228, 3, 11, 9.48683, 11, 22.2036, 21.6333, 16.2788, 34.6699, 30.4138, 32.6497, 22, 25.318, 19.105, 13.9284, 16.1245, 13.9284, 20.2485, 24.4131, 26.4197, 12.7279, 10.4403, 10.4403, 21.9317, 26.1725, 27.0185, 37.1618, 35.3553, 37.1618, 11.1803, 15.2643, 12.8062, 18.0278, 20.2237, 20.1246, 45.4533, 40.3113, 40, 24.0416, 29.4109, 23.7697, 39, 37.054, 39.0128],
[21.0238, 12.3693, 0, 15.2971, 37.0135, 21.0238, 28.0713, 34.9285, 22.2036, 16.2788, 28.0713, 10.6301, 24.7588, 50.1199, 37.6563, 35.4683, 9.84886, 15.5242, 9.48683, 3.16228, 3, 3.16228, 17.088, 16.1555, 14, 40.4599, 35.3836, 37.4833, 22.4722, 23.4094, 18.868, 25.0799, 26.4764, 25.0799, 32.2025, 36.2353, 38.4838, 24.1868, 19.8494, 19.8494, 13.3417, 17.088, 18.6815, 31.1448, 28.4429, 31.1448, 12.8062, 10.7703, 8.06226, 22.8035, 22.6716, 25.807, 53.7122, 48.0208, 48.7545, 35.2278, 40.4475, 34.5254, 37.9473, 35.4401, 37.6431],
[32.5576, 19.2094, 15.2971, 0, 49.679, 36.0555, 35.3553, 35.0143, 21.095, 31, 43.0116, 25.0799, 38.2753, 61.0737, 45.6508, 50.5964, 16.2788, 21.095, 16.9706, 12.6491, 16.1555, 12.6491, 3.16228, 3, 3.16228, 53.2635, 48.6004, 50.8035, 37.1618, 38.6005, 33.6155, 32.7567, 35.2278, 32.7567, 32.0156, 35.0571, 38.0132, 24.1868, 18.1108, 18.1108, 28, 31.1448, 33.0606, 46, 43.0465, 46, 26.4197, 25.9615, 23.0868, 35.805, 36.7151, 38.4187, 64.6607, 59.4643, 59.203, 42.4853, 47.8539, 42.5441, 53.1601, 50.6952, 52.8867],
[17.2047, 31.0644, 37.0135, 49.679, 0, 20.3961, 21.0238, 37.1214, 37.6431, 32.7567, 31.4006, 26.6271, 12.53, 15.0333, 17.8885, 18.868, 33.6006, 30.4138, 32.8024, 38.2099, 34.7131, 38.2099, 52.4023, 51.6624, 47.0106, 3.60555, 3.16228, 3.60555, 17.4642, 21.0238, 20.2485, 21.3776, 18.2483, 21.3776, 37, 40.1123, 39.4588, 35.9026, 38.6264, 38.6264, 33.5261, 35.6931, 34.3657, 32.9848, 34.3657, 32.9848, 24.2074, 28.178, 29.6816, 14.2127, 15.2315, 11.3137, 18.2483, 12.1655, 15.1327, 19.9249, 20.2485, 17.72, 21.4009, 21.9545, 22.2036],
[14.1421, 22.2036, 21.0238, 36.0555, 20.3961, 0, 25.4951, 40.2244, 33.2415, 12.3693, 14.2127, 11.1803, 9.21954, 35.3553, 30.4631, 14.5602, 23, 23.7697, 22, 23.4094, 19.9249, 23.4094, 38.0789, 37.1618, 34.2053, 23.0868, 17.72, 19.3132, 3, 3.16228, 3.16228, 23.3452, 22.0227, 23.3452, 38.5876, 42.72, 43.6005, 33.2415, 32.5576, 32.5576, 13.4164, 15.2971, 14.0357, 16.9706, 16.6433, 16.9706, 11.0454, 10.2956, 13, 10.2956, 6.32456, 12.6491, 38.6394, 32.5576, 35.0571, 30.0167, 33.6155, 28.178, 17.2627, 15.0333, 17.1172],
[11.4018, 16.7631, 28.0713, 35.3553, 21.0238, 25.4951, 0, 16.4924, 18.0278, 34.0147, 39.6989, 21.8403, 18.0278, 27.2029, 10.2956, 34.4384, 19.9249, 14.3178, 19.6469, 27.4591, 25.0799, 27.4591, 38.4708, 38.0132, 32.249, 24.1868, 22.0907, 24.0208, 23.3452, 28.2843, 22.8035, 3, 3.60555, 3, 16.0312, 19.4165, 19.3132, 15.6525, 19.8494, 19.8494, 32.8938, 36.7696, 36.6742, 42.45, 42.0119, 42.45, 18.9737, 25.2982, 24.5153, 15.6205, 19.8494, 14.7648, 30.6105, 26.4197, 24.8395, 7.28011, 12.6491, 7.2111, 37.5766, 36.7151, 38.0132],
[26.4197, 22.8254, 34.9285, 35.0143, 37.1214, 40.2244, 16.4924, 0, 14.0357, 46.0977, 54.037, 33.3017, 34.0147, 39.8497, 21.587, 50.6952, 25.0799, 19.7231, 25.4951, 32.8938, 32.2025, 32.8938, 38.0526, 38.0132, 32, 40.0125, 38.4708, 40.3113, 38.5876, 43.2666, 37.2022, 17.4642, 19.9249, 17.4642, 3, 3, 3.60555, 11.1803, 17.0294, 17.0294, 44.2041, 48.4149, 48.9183, 57.0088, 55.9732, 57.0088, 31.1127, 36.8782, 35, 31.305, 35.3553, 31.0161, 42.72, 40.025, 37, 18.2483, 21.5407, 20.0998, 53.8516, 52.8015, 54.231],
[22.0227, 11.6619, 22.2036, 21.095, 37.6431, 33.2415, 18.0278, 14.0357, 0, 35.805, 45.618, 23.7065, 30, 45.2217, 27.5862, 46.2709, 12.7279, 9.48683, 13.4536, 19.7231, 19.8494, 19.7231, 24.1868, 24.0832, 18.0278, 41.1096, 37.855, 40.025, 32.5576, 36.4006, 30.0832, 16.5529, 19.6977, 16.5529, 11.0454, 14.5602, 17.2627, 3.16228, 3, 3, 33.4216, 37.6431, 38.6005, 48.7545, 47.0106, 48.7545, 22.4722, 26.9258, 24.4131, 27, 30.1496, 28.1603, 48.6004, 44.4185, 42.8019, 24.0416, 29.0689, 24.8395, 49.366, 47.676, 49.4975],
[23.0868, 24.2074, 16.2788, 31, 32.7567, 12.3693, 34.0147, 46.0977, 35.805, 0, 12.0416, 12.8062, 21.0238, 47.676, 41, 23.3452, 23.3238, 26.9072, 22.4722, 19.4165, 17.088, 19.4165, 32.1403, 31.1448, 30.1496, 35.4401, 30.0832, 31.6228, 15.2971, 12.53, 13, 31.305, 31.0161, 31.305, 43.8634, 48.1041, 49.679, 36.8782, 34.1321, 34.1321, 3, 3, 2.82843, 15, 12.1655, 15, 15.2643, 9.21954, 11.4018, 21.095, 18.0278, 24.0208, 50.9902, 44.911, 47.2652, 39.8497, 44.1475, 38.3275, 25, 22.2036, 24.4131],
[28.3196, 34.0147, 28.0713, 43.0116, 31.4006, 14.2127, 39.6989, 54.037, 45.618, 12.0416, 0, 21.9317, 22.8254, 46.1736, 44.2945, 15.8114, 33.8378, 36.2353, 32.8938, 31.1448, 28.4429, 31.1448, 44.1814, 43.1856, 42.0476, 33.0606, 28.2843, 29.0689, 16.6433, 11.6619, 16.9706, 37.4833, 36.2353, 37.4833, 52.2015, 56.4004, 57.4891, 46.1411, 44.3847, 44.3847, 15.0333, 12.6491, 10.4403, 3.16228, 3, 3.16228, 23.3238, 18.9737, 21.8403, 24.4131, 20.2485, 26.4197, 49.0408, 43.1045, 46.5296, 44.1022, 47.4131, 42.19, 16.1245, 13.4164, 15.2643],
[12.0416, 12.083, 10.6301, 25.0799, 26.6271, 11.1803, 21.8403, 33.3017, 23.7065, 12.8062, 21.9317, 0, 14.2127, 40.3113, 30.0167, 25.7099, 12.1655, 14.4222, 11.1803, 12.53, 8.94427, 12.53, 27.2947, 26.4197, 23.0868, 30, 24.8395, 26.9072, 12.083, 14.0357, 8.544, 18.9737, 19.2354, 18.9737, 31.1127, 35.3553, 36.8782, 24.4131, 22.4722, 22.4722, 11.1803, 15.2643, 15.6205, 25.0799, 23.3238, 25.0799, 3, 3.60555, 3.16228, 12.53, 12.0416, 15.6525, 43.8634, 38.0132, 39.2173, 28.2843, 33.0606, 27.074, 28.4429, 26.1725, 28.2843],
[8.06226, 20.8806, 24.7588, 38.2753, 12.53, 9.21954, 18.0278, 34.0147, 30, 21.0238, 22.8254, 14.2127, 0, 26.9258, 21.4709, 16.7631, 22.8473, 21.2132, 21.9317, 26.2488, 22.6716, 26.2488, 40.8044, 40, 35.8469, 15.8114, 10.6301, 12.7279, 6.32456, 11.1803, 8.06226, 16.5529, 14.4222, 16.5529, 32.8938, 36.7696, 37.1214, 29.1548, 30.1496, 30.1496, 21.3776, 24.0208, 23.0217, 25.2389, 25.4951, 25.2389, 12.0416, 15.6525, 17.2047, 3, 3, 3.60555, 30.3645, 24.3516, 26.3059, 21.4009, 24.5967, 19.4165, 19.9249, 18.7883, 20.2485],
[29.1548, 41.8688, 50.1199, 61.0737, 15.0333, 35.3553, 27.2029, 39.8497, 45.2217, 47.676, 46.1736, 40.3113, 26.9258, 0, 18.3848, 32.28, 44.8219, 40.3113, 44.2041, 50.774, 47.5079, 50.774, 64.0312, 63.4114, 58.1378, 13.1529, 18, 17.1172, 32.3883, 36.0555, 34.9285, 29.0689, 26.1725, 29.0689, 40.8534, 42.72, 41, 42.72, 47.0106, 47.0106, 48.2701, 50.636, 49.366, 47.5184, 49.163, 47.5184, 37.5766, 42.3792, 43.4626, 27.8568, 29.8329, 24.6982, 3.60555, 3.16228, 3, 21.9317, 18.4391, 20.5913, 34.176, 35.4401, 35.1141],
[18.1108, 26.9258, 37.6563, 45.6508, 17.8885, 30.4631, 10.2956, 21.587, 27.5862, 41, 44.2945, 30.0167, 21.4709, 18.3848, 0, 35.3836, 30.0832, 24.5967, 29.7321, 37.3631, 34.7131, 37.3631, 48.7647, 48.3011, 42.5441, 19.9249, 20.2485, 21.4709, 27.7308, 32.6497, 28.4605, 13, 11.1803, 13, 22.4722, 24.5153, 23.0868, 24.8395, 29.7321, 29.7321, 40.4475, 43.9318, 43.4166, 46.6476, 46.9574, 46.6476, 27.0185, 33.1361, 33, 20.2485, 24.1661, 17.8885, 21.4709, 18.4391, 15.6525, 3.60555, 3.16228, 3.16228, 38.2884, 38.1838, 38.9487],
[24.7386, 36.0139, 35.4683, 50.5964, 18.868, 14.5602, 34.4384, 50.6952, 46.2709, 23.3452, 15.8114, 25.7099, 16.7631, 32.28, 35.3836, 0, 37.2156, 37.054, 36.2215, 37.9473, 34.4819, 37.9473, 52.5547, 51.6236, 48.7647, 19.3132, 15.8114, 15.6525, 14.0357, 12.083, 17.2627, 33.2415, 30.8707, 33.2415, 49.6488, 53.4883, 53.7122, 45.7056, 46.0435, 46.0435, 25.6125, 25.4951, 23.4307, 16.1245, 18.6815, 16.1245, 25.1794, 24.6982, 27.5136, 19.6469, 16.1245, 19.6977, 34.7131, 29.1204, 33.2415, 36.4006, 38.1838, 34.2053, 3.16228, 3.16228, 3.60555],
[16.4012, 3.16228, 9.84886, 16.2788, 33.6006, 23, 19.9249, 25.0799, 12.7279, 23.3238, 33.8378, 12.1655, 22.8473, 44.8219, 30.0832, 37.2156, 0, 6, 1, 8.06226, 7.2111, 8.06226, 19.2094, 18.6011, 13.4536, 37.2022, 32.7567, 34.9857, 23.1948, 26.0192, 20.025, 17.088, 19.2354, 17.088, 22.3607, 26.4197, 28.6356, 14.4222, 10.8167, 10.8167, 20.8087, 25, 26.0768, 37, 34.9285, 37, 12.0416, 14.8661, 12.083, 20.1246, 21.8403, 22.4722, 48.4149, 43.1856, 43.0116, 27.2029, 32.573, 26.9258, 40.1123, 38.0132, 40.05],
[13.6015, 3.16228, 15.5242, 21.095, 30.4138, 23.7697, 14.3178, 19.7231, 9.48683, 26.9072, 36.2353, 14.4222, 21.2132, 40.3113, 24.5967, 37.054, 6, 0, 6.08276, 14.0357, 12.6491, 14.0357, 24.1868, 23.7065, 18.0278, 34, 30.0832, 32.311, 23.1948, 26.9258, 20.6155, 11.6619, 14.2127, 11.6619, 17.2047, 21.4009, 23.3238, 10, 9, 9, 24.7588, 29, 29.7321, 39.3573, 37.7359, 39.3573, 13, 17.8045, 15.5563, 18.2483, 21, 19.9249, 43.8634, 38.9487, 38.2884, 21.5407, 26.9258, 21.4709, 40.1123, 38.3275, 40.1995],
[15.6205, 3, 9.48683, 16.9706, 32.8024, 22, 19.6469, 25.4951, 13.4536, 22.4722, 32.8938, 11.1803, 21.9317, 44.2041, 29.7321, 36.2215, 1, 6.08276, 0, 8, 6.7082, 8, 19.8494, 19.2094, 14.2127, 36.4006, 31.9061, 34.1321, 22.2036, 25.02, 19.0263, 16.7631, 18.7883, 16.7631, 22.8254, 26.9258, 29.0689, 15, 11.6619, 11.6619, 20, 24.2074, 25.2389, 36.0555, 34.0147, 36.0555, 11.0454, 13.9284, 11.1803, 19.2354, 20.8806, 21.6333, 47.8017, 42.5206, 42.4382, 26.9258, 32.28, 26.5707, 39.1152, 37.0135, 39.0512],
[21.6333, 11, 3.16228, 12.6491, 38.2099, 23.4094, 27.4591, 32.8938, 19.7231, 19.4165, 31.1448, 12.53, 26.2488, 50.774, 37.3631, 37.9473, 8.06226, 14.0357, 8, 0, 3.60555, 0, 14.7648, 13.8924, 11.0454, 41.7253, 36.7967, 38.9487, 24.5967, 25.9615, 21.0238, 24.5153, 26.2488, 24.5153, 30.0832, 34.0147, 36.4006, 21.9317, 17.2047, 17.2047, 16.4924, 20.2485, 21.8403, 34.2345, 31.5753, 34.2345, 14.2127, 13.3417, 10.4403, 24.0416, 24.4131, 26.9072, 54.3783, 48.8262, 49.2443, 34.7131, 40.025, 34.2053, 40.5216, 38.0789, 40.2616],
[18.3576, 9.48683, 3, 16.1555, 34.7131, 19.9249, 25.0799, 32.2025, 19.8494, 17.088, 28.4429, 8.94427, 22.6716, 47.5079, 34.7131, 34.4819, 7.2111, 12.6491, 6.7082, 3.60555, 0, 3.60555, 18.3576, 17.4929, 14.3178, 38.2099, 33.2415, 35.3836, 21.0238, 22.561, 17.4642, 22.0907, 23.5372, 22.0907, 29.5296, 33.6155, 35.7771, 21.6333, 17.6918, 17.6918, 14.3178, 18.3576, 19.6977, 31.5753, 29.1204, 31.5753, 10.6301, 10.0499, 7.07107, 20.5183, 20.8087, 23.4307, 51.1077, 45.4863, 46.0652, 32.249, 37.4833, 31.5753, 37.108, 34.7131, 36.8782],
[21.6333, 11, 3.16228, 12.6491, 38.2099, 23.4094, 27.4591, 32.8938, 19.7231, 19.4165, 31.1448, 12.53, 26.2488, 50.774, 37.3631, 37.9473, 8.06226, 14.0357, 8, 0, 3.60555, 0, 14.7648, 13.8924, 11.0454, 41.7253, 36.7967, 38.9487, 24.5967, 25.9615, 21.0238, 24.5153, 26.2488, 24.5153, 30.0832, 34.0147, 36.4006, 21.9317, 17.2047, 17.2047, 16.4924, 20.2485, 21.8403, 34.2345, 31.5753, 34.2345, 14.2127, 13.3417, 10.4403, 24.0416, 24.4131, 26.9072, 54.3783, 48.8262, 49.2443, 34.7131, 40.025, 34.2053, 40.5216, 38.0789, 40.2616],
[35.3553, 22.2036, 17.088, 3.16228, 52.4023, 38.0789, 38.4708, 38.0526, 24.1868, 32.1403, 44.1814, 27.2947, 40.8044, 64.0312, 48.7647, 52.5547, 19.2094, 24.1868, 19.8494, 14.7648, 18.3576, 14.7648, 0, 1, 6.32456, 55.9732, 51.225, 53.4135, 39.3573, 40.4969, 35.7771, 35.8469, 38.2753, 35.8469, 35.0571, 38.0132, 41, 27.2947, 21.2132, 21.2132, 29.1548, 32, 34.0147, 47.0956, 44.0114, 47.0956, 28.8444, 27.8568, 25.0799, 38.4187, 39.1152, 41.1096, 67.624, 62.3699, 62.2013, 45.618, 50.9902, 45.6508, 55.0273, 52.4976, 54.7083],
[34.6554, 21.6333, 16.1555, 3, 51.6624, 37.1618, 38.0132, 38.0132, 24.0832, 31.1448, 43.1856, 26.4197, 40, 63.4114, 48.3011, 51.6236, 18.6011, 23.7065, 19.2094, 13.8924, 17.4929, 13.8924, 1, 0, 6.08276, 55.2268, 50.448, 52.6308, 38.4708, 39.5601, 34.8855, 35.3553, 37.7359, 35.3553, 35.0143, 38.0526, 41.0122, 27.1662, 21.095, 21.095, 28.1603, 31, 33.0151, 46.0977, 43.0116, 46.0977, 28.0179, 26.9258, 24.1661, 37.6431, 38.2753, 40.3609, 67.0075, 61.7171, 61.6117, 45.1885, 50.5668, 45.1774, 54.0833, 51.5461, 53.7587],
[29.8329, 16.2788, 14, 3.16228, 47.0106, 34.2053, 32.249, 32, 18.0278, 30.1496, 42.0476, 23.0868, 35.8469, 58.1378, 42.5441, 48.7647, 13.4536, 18.0278, 14.2127, 11.0454, 14.3178, 11.0454, 6.32456, 6.08276, 0, 50.6063, 46.0435, 48.2597, 35.1141, 36.8782, 31.6228, 29.6816, 32.2025, 29.6816, 29, 32.1403, 35.0571, 21.095, 15.0333, 15.0333, 27.1662, 30.5941, 32.3883, 45.0999, 42.2966, 45.0999, 24.1661, 24.3311, 21.3776, 33.2866, 34.4384, 35.805, 61.7171, 56.5862, 56.2228, 39.3573, 44.7214, 39.4462, 51.4198, 49.0306, 51.1957],
[20.8087, 34.6699, 40.4599, 53.2635, 3.60555, 23.0868, 24.1868, 40.0125, 41.1096, 35.4401, 33.0606, 30, 15.8114, 13.1529, 19.9249, 19.3132, 37.2022, 34, 36.4006, 41.7253, 38.2099, 41.7253, 55.9732, 55.2268, 50.6063, 0, 5.38516, 4, 20.2485, 23.3452, 23.2594, 24.7386, 21.587, 24.7386, 40.05, 43.0116, 42.19, 39.2938, 42.1545, 42.1545, 36.4006, 38.3275, 36.8782, 34.3657, 36.0555, 34.3657, 27.6586, 31.3847, 33.0151, 17.6918, 18.3576, 14.8661, 16, 10.0499, 13.9284, 22.3607, 21.9317, 20.2237, 21.4709, 22.4722, 22.3607],
[16.5529, 30.4138, 35.3836, 48.6004, 3.16228, 17.72, 22.0907, 38.4708, 37.855, 30.0832, 28.2843, 24.8395, 10.6301, 18, 20.2485, 15.8114, 32.7567, 30.0832, 31.9061, 36.7967, 33.2415, 36.7967, 51.225, 50.448, 46.0435, 5.38516, 0, 2.23607, 14.8661, 18.1108, 17.8885, 22.0227, 19, 22.0227, 38.1182, 41.4367, 41, 36.3456, 38.6005, 38.6005, 31.0161, 32.9848, 31.5753, 29.8329, 31.257, 29.8329, 22.6274, 26.0768, 27.8029, 12.8062, 13.0384, 10.2956, 21.095, 15.0333, 18.2483, 21.9317, 22.8035, 19.6977, 18.4391, 18.868, 19.2094],
[18.7883, 32.6497, 37.4833, 50.8035, 3.60555, 19.3132, 24.0208, 40.3113, 40.025, 31.6228, 29.0689, 26.9072, 12.7279, 17.1172, 21.4709, 15.6525, 34.9857, 32.311, 34.1321, 38.9487, 35.3836, 38.9487, 53.4135, 52.6308, 48.2597, 4, 2.23607, 0, 16.5529, 19.4165, 19.7231, 24.0832, 21.0238, 24.0832, 40.05, 43.2897, 42.7551, 38.4708, 40.8044, 40.8044, 32.6956, 34.4819, 32.9848, 30.4138, 32.0624, 30.4138, 24.7588, 28.0179, 29.8329, 15, 15, 12.53, 20, 14.0357, 17.72, 23.4094, 23.8537, 21.1896, 18.0278, 18.7883, 18.868],
[12.2066, 22, 22.4722, 37.1618, 17.4642, 3, 23.3452, 38.5876, 32.5576, 15.2971, 16.6433, 12.083, 6.32456, 32.3883, 27.7308, 14.0357, 23.1948, 23.1948, 22.2036, 24.5967, 21.0238, 24.5967, 39.3573, 38.4708, 35.1141, 20.2485, 14.8661, 16.5529, 0, 5, 3.60555, 21.4009, 19.799, 21.4009, 37.1214, 41.1825, 41.8808, 32.28, 32.1403, 32.1403, 16.1555, 18.2483, 17.0294, 19.2094, 19.2354, 19.2094, 11.1803, 12.0416, 14.4222, 7.81025, 3.60555, 9.84886, 35.6931, 29.6142, 32.0624, 27.4591, 30.8707, 25.5539, 17, 15.1327, 17.0294],
[17.0294, 25.318, 23.4094, 38.6005, 21.0238, 3.16228, 28.2843, 43.2666, 36.4006, 12.53, 11.6619, 14.0357, 11.1803, 36.0555, 32.6497, 12.083, 26.0192, 26.9258, 25.02, 25.9615, 22.561, 25.9615, 40.4969, 39.5601, 36.8782, 23.3452, 18.1108, 19.4165, 5, 0, 6.32456, 26.2488, 24.7588, 26.2488, 41.6773, 45.793, 46.6154, 36.4006, 35.6931, 35.6931, 14.2127, 15.2315, 13.6015, 14.2127, 14.3178, 14.2127, 14.1421, 12.6491, 15.5242, 12.8062, 8.60233, 14.7648, 39.2046, 33.1361, 36.0139, 32.45, 35.7771, 30.5287, 14.5602, 12.1655, 14.3178],
[11.4018, 19.105, 18.868, 33.6155, 20.2485, 3.16228, 22.8035, 37.2022, 30.0832, 13, 16.9706, 8.544, 8.06226, 34.9285, 28.4605, 17.2627, 20.025, 20.6155, 19.0263, 21.0238, 17.4642, 21.0238, 35.7771, 34.8855, 31.6228, 23.2594, 17.8885, 19.7231, 3.60555, 6.32456, 0, 20.5183, 19.4165, 20.5183, 35.5106, 39.6611, 40.6079, 30.0832, 29.4279, 29.4279, 13.3417, 16, 15.1327, 19.8494, 19.2094, 19.8494, 8, 8.48528, 10.8167, 8.24621, 5.09902, 11.0454, 38.3275, 32.28, 34.3657, 27.7308, 31.6228, 26, 20.0998, 18, 20.025],
[9.21954, 13.9284, 25.0799, 32.7567, 21.3776, 23.3452, 3, 17.4642, 16.5529, 31.305, 37.4833, 18.9737, 16.5529, 29.0689, 13, 33.2415, 17.088, 11.6619, 16.7631, 24.5153, 22.0907, 24.5153, 35.8469, 35.3553, 29.6816, 24.7386, 22.0227, 24.0832, 21.4009, 26.2488, 20.5183, 0, 3.16228, 0, 16.4924, 20.2485, 20.5913, 14.5602, 18.0278, 18.0278, 30.0832, 34.0147, 34, 40.3113, 39.6989, 40.3113, 16.1555, 22.4722, 21.587, 13.8924, 18.0278, 13.6015, 32.5576, 28.0179, 26.8701, 10.198, 15.5242, 9.84886, 36.4006, 35.3412, 36.7696],
[8.06226, 16.1245, 26.4764, 35.2278, 18.2483, 22.0227, 3.60555, 19.9249, 19.6977, 31.0161, 36.2353, 19.2354, 14.4222, 26.1725, 11.1803, 30.8707, 19.2354, 14.2127, 18.7883, 26.2488, 23.5372, 26.2488, 38.2753, 37.7359, 32.2025, 21.587, 19, 21.0238, 19.799, 24.7588, 19.4165, 3.16228, 0, 3.16228, 19.2354, 22.8035, 22.8473, 17.72, 21.095, 21.095, 30.0832, 33.8378, 33.6155, 38.9487, 38.6005, 38.9487, 16.2788, 22.561, 22.0907, 12.0416, 16.2788, 11.1803, 29.6985, 25, 24.0832, 9.05539, 14.0357, 8.06226, 34.0147, 33.121, 34.4384],
[9.21954, 13.9284, 25.0799, 32.7567, 21.3776, 23.3452, 3, 17.4642, 16.5529, 31.305, 37.4833, 18.9737, 16.5529, 29.0689, 13, 33.2415, 17.088, 11.6619, 16.7631, 24.5153, 22.0907, 24.5153, 35.8469, 35.3553, 29.6816, 24.7386, 22.0227, 24.0832, 21.4009, 26.2488, 20.5183, 0, 3.16228, 0, 16.4924, 20.2485, 20.5913, 14.5602, 18.0278, 18.0278, 30.0832, 34.0147, 34, 40.3113, 39.6989, 40.3113, 16.1555, 22.4722, 21.587, 13.8924, 18.0278, 13.6015, 32.5576, 28.0179, 26.8701, 10.198, 15.5242, 9.84886, 36.4006, 35.3412, 36.7696],
[25.0799, 20.2485, 32.2025, 32.0156, 37, 38.5876, 16.0312, 3, 11.0454, 43.8634, 52.2015, 31.1127, 32.8938, 40.8534, 22.4722, 49.6488, 22.3607, 17.2047, 22.8254, 30.0832, 29.5296, 30.0832, 35.0571, 35.0143, 29, 40.05, 38.1182, 40.05, 37.1214, 41.6773, 35.5106, 16.4924, 19.2354, 16.4924, 0, 4.24264, 6.32456, 8.24621, 14.0357, 14.0357, 41.8688, 46.0977, 46.6905, 55.2178, 54.037, 55.2178, 29.0689, 34.6554, 32.6497, 30.0832, 34.0147, 30.0832, 43.8634, 40.8044, 38.0789, 18.9737, 22.8254, 20.6155, 52.811, 51.6236, 53.1413],
[29.0689, 24.4131, 36.2353, 35.0571, 40.1123, 42.72, 19.4165, 3, 14.5602, 48.1041, 56.4004, 35.3553, 36.7696, 42.72, 24.5153, 53.4883, 26.4197, 21.4009, 26.9258, 34.0147, 33.6155, 34.0147, 38.0132, 38.0526, 32.1403, 43.0116, 41.4367, 43.2897, 41.1825, 45.793, 39.6611, 20.2485, 22.8035, 20.2485, 4.24264, 0, 3.16228, 12.083, 17.4642, 17.4642, 46.0977, 50.3289, 50.9313, 59.4054, 58.258, 59.4054, 33.3017, 38.8973, 36.8782, 34.0147, 38.0132, 33.8378, 45.5412, 42.9535, 39.8497, 21.2132, 24.3516, 23.0868, 56.648, 55.5428, 57.0088],
[29.6816, 26.4197, 38.4838, 38.0132, 39.4588, 43.6005, 19.3132, 3.60555, 17.2627, 49.679, 57.4891, 36.8782, 37.1214, 41, 23.0868, 53.7122, 28.6356, 23.3238, 29.0689, 36.4006, 35.7771, 36.4006, 41, 41.0122, 35.0571, 42.19, 41, 42.7551, 41.8808, 46.6154, 40.6079, 20.5913, 22.8473, 20.5913, 6.32456, 3.16228, 0, 14.5602, 20.2237, 20.2237, 47.8017, 52.0096, 52.4976, 60.4401, 59.4643, 60.4401, 34.6554, 40.4599, 38.6005, 34.4819, 38.5876, 34.0147, 43.6807, 41.4367, 38.0789, 20, 22.561, 22.0227, 56.8595, 55.9017, 57.2713],
[21.095, 12.7279, 24.1868, 24.1868, 35.9026, 33.2415, 15.6525, 11.1803, 3.16228, 36.8782, 46.1411, 24.4131, 29.1548, 42.72, 24.8395, 45.7056, 14.4222, 10, 15, 21.9317, 21.6333, 21.9317, 27.2947, 27.1662, 21.095, 39.2938, 36.3456, 38.4708, 32.28, 36.4006, 30.0832, 14.5602, 17.72, 14.5602, 8.24621, 12.083, 14.5602, 0, 6.08276, 6.08276, 34.6554, 38.8973, 39.6989, 49.2443, 47.7074, 49.2443, 22.8254, 27.8029, 25.4951, 26.1725, 29.6142, 27, 46.0435, 42.0595, 40.2244, 21.2603, 26.1725, 22.2036, 48.8365, 47.2969, 49.0306],
[22.3607, 10.4403, 19.8494, 18.1108, 38.6264, 32.5576, 19.8494, 17.0294, 3, 34.1321, 44.3847, 22.4722, 30.1496, 47.0106, 29.7321, 46.0435, 10.8167, 9, 11.6619, 17.2047, 17.6918, 17.2047, 21.2132, 21.095, 15.0333, 42.1545, 38.6005, 40.8044, 32.1403, 35.6931, 29.4279, 18.0278, 21.095, 18.0278, 14.0357, 17.4642, 20.2237, 6.08276, 0, 0, 31.6228, 35.805, 36.8917, 47.5395, 45.618, 47.5395, 21.587, 25.4951, 22.8254, 27.1662, 30, 28.6356, 50.448, 46.0435, 44.6878, 26.2488, 31.4006, 26.8701, 49.0918, 47.2652, 49.163],
[22.3607, 10.4403, 19.8494, 18.1108, 38.6264, 32.5576, 19.8494, 17.0294, 3, 34.1321, 44.3847, 22.4722, 30.1496, 47.0106, 29.7321, 46.0435, 10.8167, 9, 11.6619, 17.2047, 17.6918, 17.2047, 21.2132, 21.095, 15.0333, 42.1545, 38.6005, 40.8044, 32.1403, 35.6931, 29.4279, 18.0278, 21.095, 18.0278, 14.0357, 17.4642, 20.2237, 6.08276, 0, 0, 31.6228, 35.805, 36.8917, 47.5395, 45.618, 47.5395, 21.587, 25.4951, 22.8254, 27.1662, 30, 28.6356, 50.448, 46.0435, 44.6878, 26.2488, 31.4006, 26.8701, 49.0918, 47.2652, 49.163],
[22.3607, 21.9317, 13.3417, 28, 33.5261, 13.4164, 32.8938, 44.2041, 33.4216, 3, 15.0333, 11.1803, 21.3776, 48.2701, 40.4475, 25.6125, 20.8087, 24.7588, 20, 16.4924, 14.3178, 16.4924, 29.1548, 28.1603, 27.1662, 36.4006, 31.0161, 32.6956, 16.1555, 14.2127, 13.3417, 30.0832, 30.0832, 30.0832, 41.8688, 46.0977, 47.8017, 34.6554, 31.6228, 31.6228, 0, 4.24264, 5.38516, 18, 15.1327, 18, 13.9284, 7.61577, 9.21954, 21.0238, 18.4391, 24.0832, 51.6624, 45.607, 47.676, 39.0512, 43.566, 37.6563, 27.4591, 24.6982, 26.9258],
[25.9615, 26.1725, 17.088, 31.1448, 35.6931, 15.2971, 36.7696, 48.4149, 37.6431, 3, 12.6491, 15.2643, 24.0208, 50.636, 43.9318, 25.4951, 25, 29, 24.2074, 20.2485, 18.3576, 20.2485, 32, 31, 30.5941, 38.3275, 32.9848, 34.4819, 18.2483, 15.2315, 16, 34.0147, 33.8378, 34.0147, 46.0977, 50.3289, 52.0096, 38.8973, 35.805, 35.805, 4.24264, 0, 2.23607, 15.2971, 12.0416, 15.2971, 17.8885, 11.6619, 13.4536, 24.0832, 21.0238, 27.0185, 53.9351, 47.8539, 50.2494, 42.72, 47.0744, 41.2311, 26.9072, 24.0832, 26.2488],
[25.632, 27.0185, 18.6815, 33.0606, 34.3657, 14.0357, 36.6742, 48.9183, 38.6005, 2.82843, 10.4403, 15.6205, 23.0217, 49.366, 43.4166, 23.4307, 26.0768, 29.7321, 25.2389, 21.8403, 19.6977, 21.8403, 34.0147, 33.0151, 32.3883, 36.8782, 31.5753, 32.9848, 17.0294, 13.6015, 15.1327, 34, 33.6155, 34, 46.6905, 50.9313, 52.4976, 39.6989, 36.8917, 36.8917, 5.38516, 2.23607, 0, 13.1529, 10, 13.1529, 18.0278, 12.0416, 14.2127, 23.3452, 20.025, 26.1725, 52.6118, 46.5296, 49.0918, 42.3792, 46.5725, 40.8044, 24.7588, 21.9317, 24.0832],
[31.1127, 37.1618, 31.1448, 46, 32.9848, 16.9706, 42.45, 57.0088, 48.7545, 15, 3.16228, 25.0799, 25.2389, 47.5184, 46.6476, 16.1245, 37, 39.3573, 36.0555, 34.2345, 31.5753, 34.2345, 47.0956, 46.0977, 45.0999, 34.3657, 29.8329, 30.4138, 19.2094, 14.2127, 19.8494, 40.3113, 38.9487, 40.3113, 55.2178, 59.4054, 60.4401, 49.2443, 47.5395, 47.5395, 18, 15.2971, 13.1529, 0, 3.60555, 0, 26.4197, 22.1359, 25, 27.0185, 22.8035, 28.8444, 50.2494, 44.4072, 48.0521, 46.6154, 49.7393, 44.6542, 15.8114, 13.3417, 14.8661],
[30.6105, 35.3553, 28.4429, 43.0465, 34.3657, 16.6433, 42.0119, 55.9732, 47.0106, 12.1655, 3, 23.3238, 25.4951, 49.163, 46.9574, 18.6815, 34.9285, 37.7359, 34.0147, 31.5753, 29.1204, 31.5753, 44.0114, 43.0116, 42.2966, 36.0555, 31.257, 32.0624, 19.2354, 14.3178, 19.2094, 39.6989, 38.6005, 39.6989, 54.037, 58.258, 59.4643, 47.7074, 45.618, 45.618, 15.1327, 12.0416, 10, 3.60555, 0, 3.60555, 25, 20.1246, 22.8473, 26.9258, 22.8254, 29.0689, 52.0384, 46.0977, 49.4975, 46.6476, 50.0899, 44.7772, 18.7883, 16.1555, 17.8885],
[31.1127, 37.1618, 31.1448, 46, 32.9848, 16.9706, 42.45, 57.0088, 48.7545, 15, 3.16228, 25.0799, 25.2389, 47.5184, 46.6476, 16.1245, 37, 39.3573, 36.0555, 34.2345, 31.5753, 34.2345, 47.0956, 46.0977, 45.0999, 34.3657, 29.8329, 30.4138, 19.2094, 14.2127, 19.8494, 40.3113, 38.9487, 40.3113, 55.2178, 59.4054, 60.4401, 49.2443, 47.5395, 47.5395, 18, 15.2971, 13.1529, 0, 3.60555, 0, 26.4197, 22.1359, 25, 27.0185, 22.8035, 28.8444, 50.2494, 44.4072, 48.0521, 46.6154, 49.7393, 44.6542, 15.8114, 13.3417, 14.8661],
[9.05539, 11.1803, 12.8062, 26.4197, 24.2074, 11.0454, 18.9737, 31.1127, 22.4722, 15.2643, 23.3238, 3, 12.0416, 37.5766, 27.0185, 25.1794, 12.0416, 13, 11.0454, 14.2127, 10.6301, 14.2127, 28.8444, 28.0179, 24.1661, 27.6586, 22.6274, 24.7588, 11.1803, 14.1421, 8, 16.1555, 16.2788, 16.1555, 29.0689, 33.3017, 34.6554, 22.8254, 21.587, 21.587, 13.9284, 17.8885, 18.0278, 26.4197, 25, 26.4197, 0, 6.32456, 6.08276, 10, 10.2956, 13.0384, 41.1461, 35.3553, 36.4006, 25.318, 30.0666, 24.0832, 28.0713, 26, 28.0179],
[15.0333, 15.2643, 10.7703, 25.9615, 28.178, 10.2956, 25.2982, 36.8782, 26.9258, 9.21954, 18.9737, 3.60555, 15.6525, 42.3792, 33.1361, 24.6982, 14.8661, 17.8045, 13.9284, 13.3417, 10.0499, 13.3417, 27.8568, 26.9258, 24.3311, 31.3847, 26.0768, 28.0179, 12.0416, 12.6491, 8.48528, 22.4722, 22.561, 22.4722, 34.6554, 38.8973, 40.4599, 27.8029, 25.4951, 25.4951, 7.61577, 11.6619, 12.0416, 22.1359, 20.1246, 22.1359, 6.32456, 0, 3, 14.5602, 13.0384, 17.72, 45.8803, 39.9249, 41.4849, 31.5753, 36.2215, 30.2655, 27.2029, 24.7386, 26.9258],
[15.1327, 12.8062, 8.06226, 23.0868, 29.6816, 13, 24.5153, 35, 24.4131, 11.4018, 21.8403, 3.16228, 17.2047, 43.4626, 33, 27.5136, 12.083, 15.5563, 11.1803, 10.4403, 7.07107, 10.4403, 25.0799, 24.1661, 21.3776, 33.0151, 27.8029, 29.8329, 14.4222, 15.5242, 10.8167, 21.587, 22.0907, 21.587, 32.6497, 36.8782, 38.6005, 25.4951, 22.8254, 22.8254, 9.21954, 13.4536, 14.2127, 25, 22.8473, 25, 6.08276, 3, 0, 15.6525, 14.8661, 18.7883, 47.0106, 41.1461, 42.3792, 31.1448, 36.0139, 30.0167, 30.0832, 27.6586, 29.8329],
[5.09902, 18.0278, 22.8035, 35.805, 14.2127, 10.2956, 15.6205, 31.305, 27, 21.095, 24.4131, 12.53, 3, 27.8568, 20.2485, 19.6469, 20.1246, 18.2483, 19.2354, 24.0416, 20.5183, 24.0416, 38.4187, 37.6431, 33.2866, 17.6918, 12.8062, 15, 7.81025, 12.8062, 8.24621, 13.8924, 12.0416, 13.8924, 30.0832, 34.0147, 34.4819, 26.1725, 27.1662, 27.1662, 21.0238, 24.0832, 23.3452, 27.0185, 26.9258, 27.0185, 10, 14.5602, 15.6525, 0, 4.24264, 3.16228, 31.3847, 25.4951, 26.9258, 19.7231, 23.4094, 17.8885, 22.8035, 21.5407, 23.0868],
[8.94427, 20.2237, 22.6716, 36.7151, 15.2315, 6.32456, 19.8494, 35.3553, 30.1496, 18.0278, 20.2485, 12.0416, 3, 29.8329, 24.1661, 16.1245, 21.8403, 21, 20.8806, 24.4131, 20.8087, 24.4131, 39.1152, 38.2753, 34.4384, 18.3576, 13.0384, 15, 3.60555, 8.60233, 5.09902, 18.0278, 16.2788, 18.0278, 34.0147, 38.0132, 38.5876, 29.6142, 30, 30, 18.4391, 21.0238, 20.025, 22.8035, 22.8254, 22.8035, 10.2956, 13.0384, 14.8661, 4.24264, 0, 6.32456, 33.2415, 27.2029, 29.2746, 23.8537, 27.313, 21.9545, 19.2354, 17.72, 19.4165],
[6.32456, 20.1246, 25.807, 38.4187, 11.3137, 12.6491, 14.7648, 31.0161, 28.1603, 24.0208, 26.4197, 15.6525, 3.60555, 24.6982, 17.8885, 19.6977, 22.4722, 19.9249, 21.6333, 26.9072, 23.4307, 26.9072, 41.1096, 40.3609, 35.805, 14.8661, 10.2956, 12.53, 9.84886, 14.7648, 11.0454, 13.6015, 11.1803, 13.6015, 30.0832, 33.8378, 34.0147, 27, 28.6356, 28.6356, 24.0832, 27.0185, 26.1725, 28.8444, 29.0689, 28.8444, 13.0384, 17.72, 18.7883, 3.16228, 6.32456, 0, 28.2312, 22.3607, 23.7697, 17.8045, 21.0238, 15.8114, 22.8473, 21.9545, 23.2594],
[32.7567, 45.4533, 53.7122, 64.6607, 18.2483, 38.6394, 30.6105, 42.72, 48.6004, 50.9902, 49.0408, 43.8634, 30.3645, 3.60555, 21.4709, 34.7131, 48.4149, 43.8634, 47.8017, 54.3783, 51.1077, 54.3783, 67.624, 67.0075, 61.7171, 16, 21.095, 20, 35.6931, 39.2046, 38.3275, 32.5576, 29.6985, 32.5576, 43.8634, 45.5412, 43.6807, 46.0435, 50.448, 50.448, 51.6624, 53.9351, 52.6118, 50.2494, 52.0384, 50.2494, 41.1461, 45.8803, 47.0106, 31.3847, 33.2415, 28.2312, 0, 6.08276, 5.83095, 25.0599, 21.1896, 23.8537, 36.4006, 37.855, 37.3631],
[27.2029, 40.3113, 48.0208, 59.4643, 12.1655, 32.5576, 26.4197, 40.025, 44.4185, 44.911, 43.1045, 38.0132, 24.3516, 3.16228, 18.4391, 29.1204, 43.1856, 38.9487, 42.5206, 48.8262, 45.4863, 48.8262, 62.3699, 61.7171, 56.5862, 10.0499, 15.0333, 14.0357, 29.6142, 33.1361, 32.28, 28.0179, 25, 28.0179, 40.8044, 42.9535, 41.4367, 42.0595, 46.0435, 46.0435, 45.607, 47.8539, 46.5296, 44.4072, 46.0977, 44.4072, 35.3553, 39.9249, 41.1461, 25.4951, 27.2029, 22.3607, 6.08276, 0, 5, 21.8403, 19.0263, 20.2485, 31.0161, 32.28, 31.9531],
[27.7308, 40, 48.7545, 59.203, 15.1327, 35.0571, 24.8395, 37, 42.8019, 47.2652, 46.5296, 39.2173, 26.3059, 3, 15.6525, 33.2415, 43.0116, 38.2884, 42.4382, 49.2443, 46.0652, 49.2443, 62.2013, 61.6117, 56.2228, 13.9284, 18.2483, 17.72, 32.0624, 36.0139, 34.3657, 26.8701, 24.0832, 26.8701, 38.0789, 39.8497, 38.0789, 40.2244, 44.6878, 44.6878, 47.676, 50.2494, 49.0918, 48.0521, 49.4975, 48.0521, 36.4006, 41.4849, 42.3792, 26.9258, 29.2746, 23.7697, 5.83095, 5, 0, 19.2354, 15.5242, 18.0278, 35.3412, 36.4006, 36.2491],
[16.7631, 24.0416, 35.2278, 42.4853, 19.9249, 30.0167, 7.28011, 18.2483, 24.0416, 39.8497, 44.1022, 28.2843, 21.4009, 21.9317, 3.60555, 36.4006, 27.2029, 21.5407, 26.9258, 34.7131, 32.249, 34.7131, 45.618, 45.1885, 39.3573, 22.3607, 21.9317, 23.4094, 27.4591, 32.45, 27.7308, 10.198, 9.05539, 10.198, 18.9737, 21.2132, 20, 21.2603, 26.2488, 26.2488, 39.0512, 42.72, 42.3792, 46.6154, 46.6476, 46.6154, 25.318, 31.5753, 31.1448, 19.7231, 23.8537, 17.8045, 25.0599, 21.8403, 19.2354, 0, 5.38516, 2.23607, 39.4081, 39.0512, 40],
[21.2132, 29.4109, 40.4475, 47.8539, 20.2485, 33.6155, 12.6491, 21.5407, 29.0689, 44.1475, 47.4131, 33.0606, 24.5967, 18.4391, 3.16228, 38.1838, 32.573, 26.9258, 32.28, 40.025, 37.4833, 40.025, 50.9902, 50.5668, 44.7214, 21.9317, 22.8035, 23.8537, 30.8707, 35.7771, 31.6228, 15.5242, 14.0357, 15.5242, 22.8254, 24.3516, 22.561, 26.1725, 31.4006, 31.4006, 43.566, 47.0744, 46.5725, 49.7393, 50.0899, 49.7393, 30.0666, 36.2215, 36.0139, 23.4094, 27.313, 21.0238, 21.1896, 19.0263, 15.5242, 5.38516, 0, 6, 41.0366, 41.0366, 41.7253],
[15.2971, 23.7697, 34.5254, 42.5441, 17.72, 28.178, 7.2111, 20.0998, 24.8395, 38.3275, 42.19, 27.074, 19.4165, 20.5913, 3.16228, 34.2053, 26.9258, 21.4709, 26.5707, 34.2053, 31.5753, 34.2053, 45.6508, 45.1774, 39.4462, 20.2237, 19.6977, 21.1896, 25.5539, 30.5287, 26, 9.84886, 8.06226, 9.84886, 20.6155, 23.0868, 22.0227, 22.2036, 26.8701, 26.8701, 37.6563, 41.2311, 40.8044, 44.6542, 44.7772, 44.6542, 24.0832, 30.2655, 30.0167, 17.8885, 21.9545, 15.8114, 23.8537, 20.2485, 18.0278, 2.23607, 6, 0, 37.2022, 36.8782, 37.8021],
[27.8927, 39, 37.9473, 53.1601, 21.4009, 17.2627, 37.5766, 53.8516, 49.366, 25, 16.1245, 28.4429, 19.9249, 34.176, 38.2884, 3.16228, 40.1123, 40.1123, 39.1152, 40.5216, 37.108, 40.5216, 55.0273, 54.0833, 51.4198, 21.4709, 18.4391, 18.0278, 17, 14.5602, 20.0998, 36.4006, 34.0147, 36.4006, 52.811, 56.648, 56.8595, 48.8365, 49.0918, 49.0918, 27.4591, 26.9072, 24.7588, 15.8114, 18.7883, 15.8114, 28.0713, 27.2029, 30.0832, 22.8035, 19.2354, 22.8473, 36.4006, 31.0161, 35.3412, 39.4081, 41.0366, 37.2022, 0, 2.82843, 1],
[26.5707, 37.054, 35.4401, 50.6952, 21.9545, 15.0333, 36.7151, 52.8015, 47.676, 22.2036, 13.4164, 26.1725, 18.7883, 35.4401, 38.1838, 3.16228, 38.0132, 38.3275, 37.0135, 38.0789, 34.7131, 38.0789, 52.4976, 51.5461, 49.0306, 22.4722, 18.868, 18.7883, 15.1327, 12.1655, 18, 35.3412, 33.121, 35.3412, 51.6236, 55.5428, 55.9017, 47.2969, 47.2652, 47.2652, 24.6982, 24.0832, 21.9317, 13.3417, 16.1555, 13.3417, 26, 24.7386, 27.6586, 21.5407, 17.72, 21.9545, 37.855, 32.28, 36.4006, 39.0512, 41.0366, 36.8782, 2.82843, 0, 2.23607],
[28.1603, 39.0128, 37.6431, 52.8867, 22.2036, 17.1172, 38.0132, 54.231, 49.4975, 24.4131, 15.2643, 28.2843, 20.2485, 35.1141, 38.9487, 3.60555, 40.05, 40.1995, 39.0512, 40.2616, 36.8782, 40.2616, 54.7083, 53.7587, 51.1957, 22.3607, 19.2094, 18.868, 17.0294, 14.3178, 20.025, 36.7696, 34.4384, 36.7696, 53.1413, 57.0088, 57.2713, 49.0306, 49.163, 49.163, 26.9258, 26.2488, 24.0832, 14.8661, 17.8885, 14.8661, 28.0179, 26.9258, 29.8329, 23.0868, 19.4165, 23.2594, 37.3631, 31.9531, 36.2491, 40, 41.7253, 37.8021, 1, 2.23607, 0]];

float o=5;

int P[A][S]=
[[1,0,0,0,0,0,0,0,0,0,0,0,0,0,0,1,1,1,0,0,0,0,0,0,0,0,0,0,0,0,0,0,0,0,0,0,0,0,0,0,0,0,0,0,0,0,0,0,0,0,0,0,0,0,0,0,0,0,0,0],
[0,1,0,0,0,0,0,0,0,0,0,0,0,0,0,0,0,0,1,1,1,0,0,0,0,0,0,0,0,0,0,0,0,0,0,0,0,0,0,0,0,0,0,0,0,0,0,0,0,0,0,0,0,0,0,0,0,0,0,0],
[0,0,1,0,0,0,0,0,0,0,0,0,0,0,0,0,0,0,0,0,0,1,1,1,0,0,0,0,0,0,0,0,0,0,0,0,0,0,0,0,0,0,0,0,0,0,0,0,0,0,0,0,0,0,0,0,0,0,0,0],
[0,0,0,1,0,0,0,0,0,0,0,0,0,0,0,0,0,0,0,0,0,0,0,0,1,1,1,0,0,0,0,0,0,0,0,0,0,0,0,0,0,0,0,0,0,0,0,0,0,0,0,0,0,0,0,0,0,0,0,0],
[0,0,0,0,1,0,0,0,0,0,0,0,0,0,0,0,0,0,0,0,0,0,0,0,0,0,0,1,1,1,0,0,0,0,0,0,0,0,0,0,0,0,0,0,0,0,0,0,0,0,0,0,0,0,0,0,0,0,0,0],
[0,0,0,0,0,1,0,0,0,0,0,0,0,0,0,0,0,0,0,0,0,0,0,0,0,0,0,0,0,0,1,1,1,0,0,0,0,0,0,0,0,0,0,0,0,0,0,0,0,0,0,0,0,0,0,0,0,0,0,0],
[0,0,0,0,0,0,1,0,0,0,0,0,0,0,0,0,0,0,0,0,0,0,0,0,0,0,0,0,0,0,0,0,0,1,1,1,0,0,0,0,0,0,0,0,0,0,0,0,0,0,0,0,0,0,0,0,0,0,0,0],
[0,0,0,0,0,0,0,1,0,0,0,0,0,0,0,0,0,0,0,0,0,0,0,0,0,0,0,0,0,0,0,0,0,0,0,0,1,1,1,0,0,0,0,0,0,0,0,0,0,0,0,0,0,0,0,0,0,0,0,0],
[0,0,0,0,0,0,0,0,1,0,0,0,0,0,0,0,0,0,0,0,0,0,0,0,0,0,0,0,0,0,0,0,0,0,0,0,0,0,0,1,1,1,0,0,0,0,0,0,0,0,0,0,0,0,0,0,0,0,0,0],
[0,0,0,0,0,0,0,0,0,1,0,0,0,0,0,0,0,0,0,0,0,0,0,0,0,0,0,0,0,0,0,0,0,0,0,0,0,0,0,0,0,0,1,1,1,0,0,0,0,0,0,0,0,0,0,0,0,0,0,0],
[0,0,0,0,0,0,0,0,0,0,1,0,0,0,0,0,0,0,0,0,0,0,0,0,0,0,0,0,0,0,0,0,0,0,0,0,0,0,0,0,0,0,0,0,0,1,1,1,0,0,0,0,0,0,0,0,0,0,0,0],
[0,0,0,0,0,0,0,0,0,0,0,1,0,0,0,0,0,0,0,0,0,0,0,0,0,0,0,0,0,0,0,0,0,0,0,0,0,0,0,0,0,0,0,0,0,0,0,0,1,1,1,0,0,0,0,0,0,0,0,0],
[0,0,0,0,0,0,0,0,0,0,0,0,1,0,0,0,0,0,0,0,0,0,0,0,0,0,0,0,0,0,0,0,0,0,0,0,0,0,0,0,0,0,0,0,0,0,0,0,0,0,0,1,1,1,0,0,0,0,0,0],
[0,0,0,0,0,0,0,0,0,0,0,0,0,1,0,0,0,0,0,0,0,0,0,0,0,0,0,0,0,0,0,0,0,0,0,0,0,0,0,0,0,0,0,0,0,0,0,0,0,0,0,0,0,0,1,1,1,0,0,0],
[0,0,0,0,0,0,0,0,0,0,0,0,0,0,1,0,0,0,0,0,0,0,0,0,0,0,0,0,0,0,0,0,0,0,0,0,0,0,0,0,0,0,0,0,0,0,0,0,0,0,0,0,0,0,0,0,0,1,1,1]];

int F[K]=[0,0]; // Fixed cost of openning a route
int Q[K]=[45000,45000]; // Capacity of the vehicle K
int d[S]=[2662,3590,6686,5837,7128,7956,4128,5642,5310,1976,1386,6510,5652,7006,3276,2662,2662,2662,3590,3590,3590,6686,6686,6686,5837,5837,5837,7128,7128,7128,7956,7956,7956,4128,4128,4128,5642,5642,5642,5310,5310,5310,1976,1976,1976,1386,1386,1386,6510,6510,6510,5652,5652,5652,7006,7006,7006,3276,3276,3276];
//float r[M]=[0.0065359477124183, 0.0130718954248366, 0.0196078431372549, 0.0261437908496732, 0.0326797385620915, 0.0392156862745098, 0.0457516339869281, 0.0522875816993464, 0.0588235294117647, 0.065359477124183, 0.0718954248366013, 0.0784313725490196, 0.0849673202614379, 0.0915032679738562, 0.0980392156862745, 0.104575163398693, 0.111111111111111, 0.117647058823529, 0.124183006535948, 0.130718954248366, 0.137254901960784, 0.143790849673203, 0.150326797385621, 0.156862745098039, 0.163398692810458, 0.169934640522876, 0.176470588235294, 0.183006535947712, 0.189542483660131, 0.196078431372549, 0.202614379084967, 0.209150326797386, 0.215686274509804, 0.222222222222222, 0.22875816993464, 0.235294117647059, 0.241830065359477, 0.248366013071895, 0.254901960784314, 0.261437908496732, 0.26797385620915, 0.274509803921569, 0.281045751633987, 0.287581699346405, 0.294117647058823, 0.300653594771242, 0.30718954248366, 0.313725490196078, 0.320261437908497, 0.326797385620915, 0.333333333333333, 0.339869281045752, 0.34640522875817, 0.352941176470588, 0.359477124183006, 0.366013071895425, 0.372549019607843, 0.379084967320261, 0.38562091503268, 0.392156862745098, 0.398692810457516, 0.405228758169935, 0.411764705882353, 0.418300653594771, 0.42483660130719, 0.431372549019608, 0.437908496732026, 0.444444444444444, 0.450980392156863, 0.457516339869281, 0.464052287581699, 0.470588235294118, 0.477124183006536, 0.483660130718954, 0.490196078431373, 0.496732026143791, 0.503267973856209, 0.509803921568627, 0.516339869281046, 0.522875816993464, 0.529411764705882, 0.535947712418301, 0.542483660130719, 0.549019607843137, 0.555555555555556, 0.562091503267974, 0.568627450980392, 0.57516339869281, 0.581699346405229, 0.588235294117647, 0.594771241830065, 0.601307189542484, 0.607843137254902, 0.61437908496732, 0.620915032679739, 0.627450980392157, 0.633986928104575, 0.640522875816993, 0.647058823529412, 0.65359477124183, 0.660130718954248, 0.666666666666667, 0.673202614379085, 0.679738562091503, 0.686274509803922, 0.69281045751634, 0.699346405228758, 0.705882352941176, 0.712418300653595, 0.718954248366013, 0.725490196078431, 0.73202614379085, 0.738562091503268, 0.745098039215686, 0.751633986928105, 0.758169934640523, 0.764705882352941, 0.77124183006536, 0.777777777777778, 0.784313725490196, 0.790849673202614, 0.797385620915033, 0.803921568627451, 0.810457516339869, 0.816993464052288, 0.823529411764706, 0.830065359477124, 0.836601307189543, 0.843137254901961, 0.849673202614379, 0.856209150326797, 0.862745098039216, 0.869281045751634, 0.875816993464052, 0.882352941176471, 0.888888888888889, 0.895424836601307, 0.901960784313726, 0.908496732026144, 0.915032679738562, 0.92156862745098, 0.928104575163399, 0.934640522875817, 0.941176470588235, 0.947712418300653, 0.954248366013072, 0.96078431372549, 0.967320261437908, 0.973856209150327, 0.980392156862745, 0.986928104575163, 0.993464052287582, 1]; // Relative size of configuration m on vehicle k


/***Varieables***/
dvar boolean x[V][V][K]; // if k goes from i to j
dvar boolean y[A][S]; // if j is relocated from i to j
//dvar boolean u[S][K][M]; // if size m is selected for customer j in vehicle k
dvar boolean z[K][S]; // if the demand of customer j is recolected by k
dvar boolean b[D][S]; // if customer j is assigned to depot i
dvar float kapa[V][K]; // demand recolected in point i

/***Objective function***/
minimize sum(i in A, j in S: i!=j)y[i][j]*o + sum(i in V, j in V, k in K)x[i][j][k]*c[i][j] + sum(i in D, j in S, k in K)F[k]*x[i][j][k];

/***Constraints***/
subject to{

// A customer can only be relocated to a permited position
forall(i in A, j in S)
  y[i][j]<=P[i][j];

// A customer can only be relocated once
forall(i in A)
  sum(j in S)y[i][j]==1;

// A position can only be picked once 
/*forall(j in S)
  sum(i in A)y[i][j]==1;*/

// The vehicle can only move to selected positions
forall(j in S)
  sum(i in V: i!=j,k in K)x[i][j][k]==sum(i in A)y[i][j];

// The vehicle must start his route in a depot  
forall(k in K)
  sum(i in D, j in S)x[i][j][k]==1;

// The vehicle must end his route in a depot  
forall(k in K)
  sum(i in D, j in S)x[j][i][k]==1;

// This constraint links the vehicle route to his depot  
forall(i in D, j in S, k in K)
  sum(u in S)x[i][u][k]+sum(u in V: u!=i)x[u][j][k]<=1+b[i][j];
  
// Continous flow in routing  
forall(i in V, k in K)
  sum(j in V)x[i][j][k]-sum(j in V)x[j][i][k]==0;

// The number of selected compartments cant exceed the number max of compartments
/*
forall(k in K)
  sum(j in S, m in M)u[j][k][m]<=maxCompartments;*/
  
// If a vehicle visite a node, it must pick his demand
forall(j in S, k in K)
  sum(i in V)x[i][j][k]==z[k][j];

// The demand assigned to each vehicle cant exceed his capacity 
/* 
forall(k in K)
  sum(j in S)d[j]*z[k][j]<=Q[k]*sum(m in M, j in S)r[m]*u[j][k][m];
  
// The demand assigned to each vehicle (per customer) cant exceed his capacity 
forall(k in K, j in S)
  d[j]*z[k][j]<=Q[k]*sum(m in M)r[m]*u[j][k][m];*/
  
// The demand assigned to each vehicle cant exceed his capacity  
forall(k in K)
  sum(j in S)d[j]*z[k][j]<=Q[k];
  
// The demand assigned to each vehicle (per customer) cant exceed his capacity 
forall(k in K, j in S)
  d[j]*z[k][j]<=Q[k];

// The configuration of compartments in the vehicle must be the whole vehcile capacity
/*
forall(j in S)
  sum(m in M, k in K)u[j][k][m]==sum(i in A)y[i][j];
  
forall(k in K)
  sum(m in M, j in S)u[j][k][m]*r[m]==1; */

//MTZ
 
forall(i,j in S: i!=j, k in K)
  kapa[i][k]-kapa[j][k]+Q[k]*x[i][j][k]<=Q[k]-d[j];
  
forall(i,j in S, k in K)
  d[i]+d[j]<=Q[k];
  
forall(i in S, k in K)
  d[i]<=kapa[i][k]<=Q[k];   
}








