/*********************************************
 * OPL 12.8.0.0 Model
 * Author: sebashc
 * Creation Date: 18/05/2018 at 4:11:38 p. m.
 *********************************************/
 execute
{
cplex.tilim=2400;
cplex.epgap=0.01;
} 
 
/***Constants***/
int depots=1; // Number of depots
int positions=100; // Number of current positions + (current positions + posibles positions)
int currentPositions=25; // Current positions
int vehicles=4; // Number of vehicles
//int maxCompartments=153; // Number of max compartments of the vehicle

/***Sets***/
range D=1..depots; // Set of depots
range V=1..depots+positions; // Set of vertices
range S=depots+1..depots+positions; // Set of current positions + posibles positions
range A=depots+1..depots+currentPositions; // Set of current positions
range K=1..vehicles; // Set of vehicles
//range M=1..maxCompartments; // Set of posibles configurations of compartments

/***Parametres***/
float c[V][V]=
[[0, 22.0227, 17.2627, 14.7648, 31.9061, 32.45, 32.0624, 20.8087, 22.0227, 25.0599, 23.0868, 28.1603, 8, 29.9666, 29.1204, 30.8707, 29.8329, 10, 34, 31.7805, 39.4081, 43.9318, 18.1108, 15.8114, 38.2884, 42.2019, 19.0263, 21.3776, 22.0907, 18.0278, 19.9249, 15.8114, 12.8062, 13.6015, 18.0278, 29.4109, 28.8444, 29.5296, 33.4216, 32.0156, 31.7648, 32.0156, 35.0143, 35, 23.4307, 19.105, 23.4307, 23.3452, 18.6011, 20.2485, 22.4722, 25.807, 21.9545, 26, 24.5153, 21.3776, 30.5941, 31.257, 28, 10.198, 6.32456, 6.32456, 32.311, 27.8568, 27.2947, 32.0156, 28.4429, 28.4429, 33.6155, 34.4384, 32.8938, 26.4764, 29.2746, 31.6228, 7.07107, 6.40312, 7.61577, 34.9285, 35.5106, 33.6155, 28.8617, 33.5261, 32.573, 37.6431, 42.4382, 40.4599, 47.4236, 42.4264, 42.4264, 15.2971, 16.0312, 17.72, 15.2643, 17, 14.7648, 34.8281, 39.598, 34.7131, 39.6611, 44.8219, 39.4081],
[22.0227, 0, 30.8058, 35.9026, 48.0104, 17.72, 10.0499, 18.868, 39.3954, 45.3542, 45.0999, 36.7967, 23.0868, 27.5136, 9.21954, 15.2315, 31.7648, 14.8661, 31.5753, 12.0416, 24.1661, 30.0832, 27.5862, 9.21954, 26.9258, 58.6003, 3.60555, 3.16228, 3, 33.2866, 34.4093, 31.3847, 33.2415, 35.3553, 38.6005, 46.3249, 45.4863, 45, 20.3961, 19.2354, 15.2315, 10.198, 13, 13.0384, 18.3848, 15.8114, 18.3848, 41.7852, 35.8469, 36.6742, 42.45, 45.2217, 42.2019, 48.0104, 46.3897, 43.2897, 40.3113, 39.6989, 34.8281, 21.9317, 24.5153, 24.5153, 30.6757, 27.7308, 24.6982, 11.4018, 7.2111, 7.2111, 16.6433, 18.3576, 15, 30.2324, 33.2866, 31.3847, 17.4642, 17.2627, 15.1327, 33.9559, 31.1448, 33.2415, 10, 14.8661, 14.2127, 24.0416, 26.4197, 26.5707, 33.6155, 30.0832, 30.0832, 24.8395, 28.6007, 24.7588, 12.7279, 11.4018, 12.0416, 23.5372, 29.6142, 24.3311, 55.6058, 61.6117, 55.8032],
[17.2627, 30.8058, 0, 14.1421, 17.2047, 46.0977, 39.8246, 37.1618, 35.7351, 34.6699, 25, 45, 25.1794, 46.8188, 39.8246, 31.257, 47.0744, 25.4951, 23.0217, 35.4401, 53.1507, 58.4123, 5.09902, 21.6333, 32.9848, 27.8029, 27.2029, 31.8904, 29.1548, 3, 3.60555, 2.82843, 11.4018, 16.4012, 13.8924, 15.6525, 14.7648, 14.2127, 47.8017, 46.4004, 44.5533, 38.4838, 42.0476, 41.6293, 39.3573, 34.8855, 39.3573, 35.8469, 32.9848, 34.9285, 33.121, 36.7151, 32.249, 28.6007, 24.1868, 22.2036, 47.0956, 48.0104, 45.0999, 27.4591, 23.0217, 23.0217, 49.3356, 44.9222, 44.0114, 42.2019, 38.0132, 38.0132, 34.2345, 34.0588, 34.5254, 43.7379, 46.5296, 48.7647, 23.4094, 22.4722, 22.3607, 22.6716, 25.5539, 21.2603, 32.573, 35.6931, 34.7131, 52.0096, 55.9017, 54.8179, 62.0081, 57.4282, 57.4282, 6.32456, 2.23607, 8, 18.3576, 20.1246, 18.868, 30.4138, 32.8938, 29.6142, 24.8395, 30.8058, 25],
[14.7648, 35.9026, 14.1421, 0, 20.3961, 47.1699, 45.8912, 34.6554, 24.0208, 21.0238, 11.1803, 36.4006, 19.8494, 42.8019, 43.6578, 41.4367, 41.1825, 24.6982, 37.0135, 44, 54.0833, 58.4123, 18.6011, 28.0713, 45.6946, 29.5466, 32.5576, 35.7351, 35.3553, 12.2066, 13.8924, 11.3137, 3.16228, 3, 3.60555, 17.4642, 17.2627, 19.0263, 48.0104, 46.6154, 46.5296, 45.3982, 48.6621, 48.5077, 37.5366, 33.4216, 37.5366, 23.3452, 22.0907, 24.0832, 19.9249, 23.4094, 18.9737, 14.7648, 11.1803, 8.544, 37.6563, 39.0512, 37.3363, 22.6716, 17.0294, 17.0294, 44.6542, 40.2244, 40.4599, 46.4866, 42.72, 42.72, 44.4072, 44.7214, 44.1814, 37.5899, 39.8121, 43.566, 21.6333, 21.095, 22.3607, 36.7967, 39.4081, 35.3836, 41, 45.0999, 44.1022, 52.2015, 57.1402, 55, 61.8466, 56.7274, 56.7274, 17.8885, 15, 20.5913, 26.0192, 28.0179, 26, 42.72, 46.0652, 42.1545, 27.5136, 31.7648, 26.9258],
[31.9061, 48.0104, 17.2047, 20.3961, 0, 62.9365, 56.9386, 52.6973, 44.1022, 39.3192, 25.7099, 56.7539, 38.9102, 61.7738, 57.0088, 47.1275, 60.9262, 41.4005, 33.1361, 52, 70.0071, 75.0733, 21.0238, 38.833, 46.0435, 10.6301, 44.4072, 49.0408, 46.3249, 14.8661, 13.6015, 16.9706, 20.2485, 23.3452, 17.1172, 3, 3.16228, 3.16228, 64.4438, 63.0317, 61.5549, 55.4707, 59.0593, 58.5918, 55.2178, 50.8035, 55.2178, 43, 42.4264, 44.4072, 39.0512, 42.19, 38.0526, 28.4605, 23.0868, 23.3452, 58.0517, 59.439, 57.5674, 41.5933, 36.2491, 36.2491, 63.9531, 59.4811, 59.1693, 59.4054, 55.2178, 55.2178, 50, 49.4773, 50.5964, 57.3847, 59.808, 63.0714, 38.833, 38.0132, 38.4187, 31.4006, 36.1248, 30.2655, 49.2443, 51.8652, 50.9215, 68.6804, 72.8354, 71.5052, 78.6448, 73.8783, 73.8783, 23.3238, 19.4165, 24.1661, 35.5106, 37.2156, 36.0555, 44.2832, 45.0111, 43.1856, 7.81025, 13.6015, 7.81025],
[32.45, 17.72, 46.0977, 47.1699, 62.9365, 0, 16.7631, 15.0333, 41.0122, 49.366, 53.8516, 31.6228, 28.7924, 16.6433, 10.0499, 31.0161, 22.8254, 22.4722, 49.2443, 25.318, 7.07107, 12.53, 43.8292, 25.9422, 43.0465, 73.5391, 20.6155, 15.2315, 20.6155, 48.1041, 49.5782, 45.9674, 45.2217, 45.6508, 50.4777, 60.8276, 60.1082, 60.1415, 3.16228, 2.82843, 3.16228, 19.6469, 18.7883, 19.6977, 12, 14.5602, 12, 44.0454, 38.1182, 38.0132, 46.3897, 48.0937, 46.5296, 55.9732, 55.9464, 52.8015, 35.1141, 33.6155, 28.7924, 26.2488, 31.3847, 31.3847, 19.2094, 18.7883, 15.2315, 10.7703, 13.0384, 13.0384, 31.257, 33.2415, 29.2746, 23.4094, 25.4951, 20.8087, 25.5539, 26.0768, 25, 51.6624, 48.6621, 50.9608, 25.02, 28.4429, 28.2843, 6.32456, 10, 8.94427, 16.1245, 12.3693, 12.3693, 40.8044, 44.0454, 41.3401, 29.5296, 28.6356, 28.6531, 40, 46.0109, 41.0122, 70.7248, 76.3806, 70.7107],
[32.0624, 10.0499, 39.8246, 45.8912, 56.9386, 16.7631, 0, 25, 48.3839, 54.9181, 55.1453, 43.6005, 32.5576, 31.4006, 7.2111, 15.5242, 36.7967, 24.3311, 35.7771, 9.05539, 21, 27.0185, 36.0555, 18.3848, 27.1662, 67.4166, 13.3417, 11.1803, 10.7703, 42.4853, 43.4166, 40.7185, 43.1741, 45.3982, 48.5077, 55.4707, 54.5894, 53.8516, 19.9249, 19.3132, 13.6015, 3, 3.16228, 3.60555, 23.3452, 22.4722, 23.3452, 50.9608, 44.9222, 45.5412, 51.9711, 54.5711, 51.788, 58.0345, 56.4358, 53.3385, 47.2017, 46.2277, 41.2311, 31.0483, 34.2345, 34.2345, 34.4093, 32.5576, 29.0689, 6.08276, 5, 5, 15.0333, 17.0294, 13.0384, 36.1248, 38.8973, 35.609, 27.1662, 27.074, 25.02, 38.4708, 34.5398, 38.0789, 9.84886, 12, 12.0416, 22.2036, 22.2036, 24.0208, 30.1496, 28.0713, 28.0713, 33.6155, 37.5899, 33.0151, 21.4709, 19.7231, 21.0238, 24.5153, 30.2655, 25.7099, 64.3506, 70.4911, 64.6607],
[20.8087, 18.868, 37.1618, 34.6554, 52.6973, 15.0333, 25, 0, 26, 34.3657, 39.8246, 18.6011, 15, 10.0499, 18.3576, 34, 13, 11.7047, 47.1699, 30.6105, 20.8806, 24.1868, 36.4006, 22.2036, 45.31, 63.0079, 19.3132, 15.8114, 21.4709, 38.4708, 40.2492, 36.2353, 33.3017, 32.6497, 38.1838, 50.2195, 49.6488, 50.2494, 14.5602, 13.3417, 16.1245, 26.9072, 28.0179, 28.6007, 3.16228, 3.16228, 3.16228, 29.0172, 23.0868, 23, 31.4006, 33.0606, 31.5753, 41.6293, 42.19, 39.1152, 22.2036, 21.2603, 16.2788, 12.2066, 17.8045, 17.8045, 13, 9.21954, 7.07107, 21.0238, 20, 20, 35.5106, 37.2156, 33.8378, 11.4018, 14.4222, 13.1529, 13.8924, 14.7648, 14.8661, 49.0408, 47.5184, 48.0104, 28.8444, 33.6006, 33.0151, 18.3848, 24.0416, 21.0238, 27.4591, 22.2036, 22.2036, 33.2415, 35.4683, 34.7131, 25.02, 25.1794, 24.0208, 41.7852, 47.7598, 42.3792, 60.4649, 65.6049, 60.2163],
[22.0227, 39.3954, 35.7351, 24.0208, 44.1022, 41.0122, 48.3839, 26, 0, 9.43398, 21.0238, 15.5563, 16.6433, 28.7924, 42.9535, 51.614, 24.1868, 24.5967, 55.7584, 51, 46.3897, 48.5077, 38.4838, 36.4006, 60.1082, 52.1728, 37.5899, 37.3363, 40.7063, 34.9285, 36.8782, 33.2415, 25.318, 21.0238, 27.0185, 41.1096, 41.0488, 43, 40.1995, 39.1152, 42.0476, 49.3964, 51.5461, 51.8652, 29.0172, 27.1662, 29.0172, 3.16228, 3.60555, 3, 7.07107, 7.28011, 7.81025, 20.8087, 24.1661, 22.1359, 15.2643, 17.2047, 17.8045, 17.4642, 16.2788, 16.2788, 29.0689, 25.632, 27.8927, 45.8912, 43.6807, 43.6807, 54.0833, 55.2178, 53, 21.0238, 21.6333, 27.2947, 22.4722, 23.0217, 25.2389, 56.4358, 57.4282, 55.0727, 48.3735, 53.3385, 52.4786, 43.566, 49.4975, 45.8912, 51.2445, 45.8803, 45.8803, 36.2353, 35.4683, 38.9487, 36.7967, 38.2884, 36.1248, 56.5862, 61.5549, 56.5685, 50.636, 53.8516, 49.8197],
[25.0599, 45.3542, 34.6699, 21.0238, 39.3192, 49.366, 54.9181, 34.3657, 9.43398, 0, 14.0357, 24.8395, 22.3607, 38.0789, 50.1597, 55.9017, 33.6155, 30.5941, 56.6392, 56.3028, 55.109, 57.5674, 38.4187, 40.7185, 63.0079, 46.0977, 43.0116, 43.7379, 46.1736, 33.121, 34.8855, 31.9061, 23.3238, 18.3576, 23.0868, 36.3456, 36.4966, 38.833, 48.8365, 47.676, 50.0899, 55.5428, 58.0517, 58.2495, 37.4833, 35.0571, 37.4833, 6.40312, 11.4018, 12.083, 3, 3.16228, 3.16228, 12.6491, 17.1172, 16.0312, 24.0832, 26.1725, 27.2029, 24.0832, 20.8806, 20.8806, 38.4708, 34.9285, 37, 53.1507, 50.4876, 50.4876, 58.6003, 59.4811, 57.7754, 30.4138, 31.0644, 36.7151, 27.8927, 28.1603, 30.3645, 56.8507, 58.6941, 55.4437, 53.4883, 58.3095, 57.3847, 52.3927, 58.2495, 54.8179, 60.407, 55.0273, 55.0273, 36.7967, 35, 39.6232, 40.3113, 42.0595, 39.8246, 59.6406, 64.0312, 59.4054, 45, 47.3814, 44.0114],
[23.0868, 45.0999, 25, 11.1803, 25.7099, 53.8516, 55.1453, 39.8246, 21.0238, 14.0357, 0, 36.0555, 25.0799, 46.2277, 51.9711, 52.1728, 43.1393, 32.0156, 48.0104, 54.231, 60.4152, 64.0078, 29.6816, 38.1182, 56.8595, 32.0624, 42.0119, 44.4072, 45, 22.6716, 24.0416, 22.2036, 14.3178, 10.198, 11.3137, 22.8035, 23.0868, 25.632, 54.1295, 52.8015, 53.7587, 55.0091, 58.0775, 58.0345, 42.9418, 39.3954, 42.9418, 18.9737, 20.8087, 22.4722, 14.5602, 17.1172, 13.6015, 3.60555, 3.16228, 2.82843, 36.2353, 38.0789, 37.8021, 27.7308, 22.4722, 22.4722, 47.4236, 43.2782, 44.4072, 54.9181, 51.4781, 51.4781, 55.109, 55.5428, 54.7449, 39.598, 41.1096, 45.9674, 28.8617, 28.6356, 30.4138, 47.634, 50.4777, 46.2277, 51.2445, 55.5788, 54.5894, 58.1378, 63.561, 60.8276, 67.2309, 61.9112, 61.9112, 29.0689, 26.0768, 31.7648, 36.4966, 38.4708, 36.3456, 53.8516, 57.2451, 53.3104, 31.0161, 33.3766, 30],
[28.1603, 36.7967, 45, 36.4006, 56.7539, 31.6228, 43.6005, 18.6011, 15.5563, 24.8395, 36.0555, 0, 20.2237, 16.0312, 36.8917, 51.4004, 10.0499, 24.5967, 61.0328, 48.7955, 35.3553, 36.0139, 46.2709, 37.5899, 61.9112, 65.7875, 36.4006, 33.9411, 39.0512, 45.0999, 47.0956, 43.0465, 36.6742, 33.5261, 39.8497, 53.8516, 53.6004, 55.109, 29.8329, 29.1204, 33.6155, 45.4533, 46.6154, 47.2017, 20.5913, 21.2603, 20.5913, 18.4391, 15.2643, 13.6015, 22.6274, 22.2036, 23.3452, 36.2353, 39.1152, 36.7151, 3.60555, 3.16228, 3, 18.6815, 22.0227, 22.0227, 15.1327, 13.1529, 16.4924, 39.4462, 38.6005, 38.6005, 53.2635, 54.8179, 51.7397, 8.24621, 7.07107, 13.1529, 24.3516, 25.2982, 26.9258, 62.3618, 62.0322, 61.131, 46.7547, 51.6624, 50.9902, 32.249, 38.2099, 34.0588, 38.2099, 33.0606, 33.0606, 43.4166, 44.0454, 45.7056, 39.3954, 40.2492, 38.4838, 58.3095, 64.0078, 58.6686, 63.8905, 67.7791, 63.2456],
[8, 23.0868, 25.1794, 19.8494, 38.9102, 28.7924, 32.5576, 15, 16.6433, 22.3607, 25.0799, 20.2237, 0, 23.0217, 28, 35, 22.1359, 8.24621, 41.2311, 34.4384, 35.3412, 39.1152, 26.0768, 19.8494, 43.9318, 48.8774, 21.0238, 21.3776, 24.1661, 25.7099, 27.6586, 23.5372, 18.868, 17.6918, 23.4307, 36.2353, 35.7771, 36.7696, 29.0689, 27.7308, 28.8617, 33.2415, 35.6931, 35.9026, 18.0278, 14.3178, 18.0278, 18.7883, 13.0384, 14.2127, 19.4165, 22.1359, 19.2354, 27.2029, 27.2947, 24.1868, 22.8035, 23.3452, 20, 2.82843, 2.82843, 2.82843, 25.0599, 20.5913, 20.6155, 31, 28.1603, 28.1603, 37.4433, 38.6005, 36.3593, 18.6815, 21.3776, 24.1661, 5.83095, 6.40312, 8.60233, 42.3792, 42.4853, 41.1096, 31.7648, 36.7151, 35.8469, 33.121, 38.4838, 35.8469, 42.4382, 37.2022, 37.2022, 23.1948, 24.0208, 25.4951, 20.6155, 21.9317, 19.8494, 40.3609, 45.607, 40.4599, 46.5296, 51.3128, 46.1411],
[29.9666, 27.5136, 46.8188, 42.8019, 61.7738, 16.6433, 31.4006, 10.0499, 28.7924, 38.0789, 46.2277, 16.0312, 23.0217, 0, 24.2074, 42.72, 6.32456, 21.587, 57.0789, 38.4708, 19.4165, 20.0998, 46.3249, 32.0624, 54.4059, 71.8679, 28.6356, 24.3516, 30.3645, 47.927, 49.7695, 45.6946, 41.8808, 40.4599, 46.4004, 59.1693, 58.6686, 59.4811, 14.3178, 13.8924, 19.2094, 33.8378, 34.0588, 34.8281, 9.21954, 13, 9.21954, 31.9531, 26.8328, 26, 35.3412, 36.0555, 35.7771, 47.4342, 48.9183, 46.0109, 19.2354, 17.4642, 13.0384, 20.2485, 25.807, 25.807, 3.16228, 3.16228, 3, 26.1725, 26.6271, 26.6271, 43.8634, 45.6946, 42.0476, 8.06226, 9.21954, 4.24264, 23.4094, 24.3516, 24.7386, 59.0085, 57.3149, 58, 37.1618, 41.5933, 41.1461, 16.2788, 22.2036, 18.0278, 22.561, 17.2627, 17.2627, 43.1741, 45.2217, 44.7214, 35, 35.0571, 34, 50.9608, 57.0088, 51.6624, 69.4622, 74.3303, 69.1158],
[29.1204, 9.21954, 39.8246, 43.6578, 57.0088, 10.0499, 7.2111, 18.3576, 42.9535, 50.1597, 51.9711, 36.8917, 28, 24.2074, 0, 21, 29.6985, 20.0998, 39.8497, 15.2971, 15.5242, 21.587, 36.7696, 18.3848, 33.0151, 67.624, 12.7279, 8.06226, 11.6619, 42.2019, 43.4166, 40.2244, 41.2311, 42.72, 46.6154, 55.2178, 54.4059, 54.037, 13.1529, 12.3693, 7, 9.84886, 9.8995, 10.6301, 16.4012, 16.1555, 16.4012, 45.7056, 39.6232, 40.025, 47.1699, 49.4975, 47.0956, 54.5894, 53.6004, 50.448, 40.4969, 39.4081, 34.4093, 26.0768, 30.0666, 30.0666, 27.2029, 25.4558, 21.9317, 3, 3, 3, 21.2132, 23.1948, 19.2354, 29.2062, 31.8904, 28.4253, 23.1948, 23.3452, 21.587, 42.3792, 39.0512, 41.7852, 15, 18.4391, 18.2483, 16.0312, 17.4642, 18.2483, 25, 22.0907, 22.0907, 33.9706, 37.6431, 33.9706, 21.9317, 20.6155, 21.2132, 30.0167, 36, 31.0644, 64.6607, 70.6045, 64.8151],
[30.8707, 15.2315, 31.257, 41.4367, 47.1275, 31.0161, 15.5242, 34, 51.614, 55.9017, 52.1728, 51.4004, 35, 42.72, 21, 0, 46.9574, 27.5862, 20.8087, 6.7082, 36.2215, 42.2966, 26.4764, 15.2643, 12.0416, 57.0088, 15, 18.3848, 12.53, 34.2345, 34.5254, 33.0606, 38.3275, 41.9762, 43.1045, 46.3249, 45.3542, 43.9659, 34.0588, 33.1361, 28, 12.6491, 15.6525, 14.7648, 33.6155, 30.8869, 33.6155, 53.535, 48.0104, 49.2037, 53.2353, 56.4358, 52.7731, 55.5428, 52.6118, 49.8197, 54.8179, 54.4059, 49.6488, 34.7131, 35.5106, 35.5106, 45.8803, 42.9535, 39.9249, 21.2132, 18, 18, 3, 3.60555, 3.60555, 45.2769, 48.3735, 46.6154, 29.2062, 28.6007, 26.4008, 23.6008, 19.2354, 23.4307, 6, 5, 4.24264, 37.0135, 37.6563, 39.1152, 45.5412, 43.0465, 43.0465, 25.0799, 29.1548, 23.3452, 15.8114, 13.9284, 16.1555, 9.05539, 15, 10.198, 53.8516, 60.1664, 54.4243],
[29.8329, 31.7648, 47.0744, 41.1825, 60.9262, 22.8254, 36.7967, 13, 24.1868, 33.6155, 43.1393, 10.0499, 22.1359, 6.32456, 29.6985, 46.9574, 0, 23.0217, 59.6825, 43.2666, 25.7099, 26, 47.2652, 34.9285, 58.3095, 70.6612, 32.311, 28.6531, 34.4384, 47.8017, 49.7293, 45.607, 40.7185, 38.5876, 44.7772, 58.1808, 57.7754, 58.8727, 20.6155, 20.1246, 25.2389, 39.0512, 39.598, 40.3113, 13.6015, 16.1555, 13.6015, 27.2947, 22.8035, 21.6333, 31.0644, 31.305, 31.6228, 43.9318, 46.0109, 43.2782, 13.0384, 11.1803, 7.07107, 19.6469, 24.6982, 24.6982, 5.09902, 4.24264, 7.81025, 31.8904, 31.8904, 31.8904, 48.3735, 50.1199, 46.6476, 3.60555, 3, 3.16228, 24.0832, 25.0799, 26, 61.4003, 60.208, 60.2993, 41.6773, 46.3249, 45.793, 22.561, 28.4429, 24.1868, 28.1603, 23.0217, 23.0217, 44.1814, 45.7056, 46.0435, 37.4833, 37.855, 36.4966, 54.7814, 60.7454, 55.3624, 68.4471, 72.9452, 67.9779],
[10, 14.8661, 25.4951, 24.6982, 41.4005, 22.4722, 24.3311, 11.7047, 24.5967, 30.5941, 32.0156, 24.5967, 8.24621, 21.587, 20.0998, 27.5862, 23.0217, 0, 36.8782, 26.4197, 29.4109, 33.9706, 24.7386, 13.0384, 37.4433, 51.8556, 13.0384, 13.1529, 16.1245, 26.9258, 28.6531, 24.6982, 22.8035, 23.2594, 28.0179, 39.0512, 38.4187, 38.833, 23.4307, 22.0227, 21.9317, 25, 27.4591, 27.6586, 13.8924, 9.43398, 13.8924, 26.9258, 21.0238, 21.9545, 27.6586, 30.3645, 27.4591, 34.5254, 33.8378, 30.6757, 27.7849, 27.7308, 23.4094, 7.2111, 10, 10, 24.3311, 20.0998, 18.6815, 23.0868, 20.025, 20.025, 29.8329, 31.1448, 28.6007, 20.2237, 23.3452, 24.0832, 3.16228, 3.60555, 3.16228, 38.4708, 37.6431, 37.3363, 23.8537, 28.8444, 28.0179, 27.6586, 32.45, 30.4795, 37.4833, 32.5576, 32.5576, 21.587, 23.7697, 23.1948, 14.8661, 15.6525, 13.9284, 33.8378, 39.4462, 34.1321, 49.2037, 54.5619, 49.0408],
[34, 31.5753, 23.0217, 37.0135, 33.1361, 49.2443, 35.7771, 47.1699, 55.7584, 56.6392, 48.0104, 61.0328, 41.2311, 57.0789, 39.8497, 20.8087, 59.6825, 36.8782, 0, 27.4591, 55.3624, 61.4003, 18.4391, 25.02, 13.9284, 41.1947, 29.1548, 34.3657, 28.6356, 25.5539, 24.5967, 25.807, 34.0588, 38.9487, 36.8917, 33.541, 32.5576, 30.2655, 51.9711, 50.8035, 46.5725, 33.121, 36.3593, 35.5106, 48.0104, 44.1022, 48.0104, 56.6127, 52.4786, 54.2033, 54.6717, 58.258, 53.9073, 51.614, 47.1699, 45.2217, 63.9062, 64.195, 60.1664, 42.3792, 40.2492, 40.2492, 60.1332, 56.3205, 54.0833, 40.8534, 37, 37, 22.6716, 21.2132, 24.2074, 57.0701, 60.208, 60.2993, 36.6879, 35.7351, 34.2053, 2.82843, 3, 3.16228, 25.9422, 25.6125, 25, 55.5428, 57.2451, 57.9741, 64.846, 61.6117, 61.6117, 19.8494, 22.0227, 17.0294, 22.2036, 22.0227, 23.1948, 13.6015, 12.1655, 12.2066, 38.1182, 44.2832, 39.0512],
[31.7805, 12.0416, 35.4401, 44, 52, 25.318, 9.05539, 30.6105, 51, 56.3028, 54.231, 48.7955, 34.4384, 38.4708, 15.2971, 6.7082, 43.2666, 26.4197, 27.4591, 0, 30.0167, 36.0555, 31.0161, 16.1245, 18.1108, 62.1691, 13.4164, 14.8661, 10.2956, 38.3275, 38.8973, 36.8782, 41.0122, 44.1022, 46.0977, 50.9215, 49.98, 48.8467, 28.4429, 27.6586, 22.2036, 6.08276, 8.94427, 8.06226, 29.6816, 27.6586, 29.6816, 53.2259, 47.4131, 48.3735, 53.4883, 56.4624, 53.1413, 57.4282, 55.0364, 52.0865, 52.3259, 51.6624, 46.7547, 33.6155, 35.4683, 35.4683, 41.5933, 39.1152, 35.8469, 15, 12.3693, 12.3693, 6, 8, 4, 42.0119, 45, 42.5441, 28.6356, 28.2312, 26, 30.2324, 25.9422, 30, 3, 3.16228, 3, 31.0644, 31.257, 33, 39.2046, 37.0135, 37.0135, 29.1204, 33.2415, 27.8568, 18.0278, 16.0312, 18, 15.5242, 21.2132, 16.7631, 59.0339, 65.307, 59.5063],
[39.4081, 24.1661, 53.1507, 54.0833, 70.0071, 7.07107, 21, 20.8806, 46.3897, 55.109, 60.4152, 35.3553, 35.3412, 19.4165, 15.5242, 36.2215, 25.7099, 29.4109, 55.3624, 30.0167, 0, 6.08276, 50.8035, 32.7567, 48.0937, 80.6102, 27.2947, 21.9545, 26.9258, 55.1725, 56.6392, 53.0377, 52.2015, 52.4786, 57.4282, 67.897, 67.1789, 67.2086, 6.32456, 7.61577, 8.94427, 24, 22.2036, 23.1948, 17.72, 21.0238, 17.72, 49.4975, 43.7379, 43.4166, 52.1728, 53.6004, 52.3927, 62.3939, 62.6099, 59.4811, 38.6394, 36.8782, 32.3883, 32.6956, 38.0132, 38.0132, 21.1896, 22.2036, 19.0263, 15.0333, 18.4391, 18.4391, 36.0139, 38.0132, 34.0147, 27.1662, 28.6356, 23.0868, 32.45, 33.0151, 32.0156, 57.8705, 54.5711, 57.2451, 30.2655, 33, 33.0151, 3.16228, 3.16228, 3.16228, 9.48683, 7.28011, 7.28011, 47.8017, 51.0882, 48.2597, 36.3593, 35.3553, 35.5106, 45.2769, 51.1566, 46.3897, 77.7946, 83.4506, 77.7817],
[43.9318, 30.0832, 58.4123, 58.4123, 75.0733, 12.53, 27.0185, 24.1868, 48.5077, 57.5674, 64.0078, 36.0139, 39.1152, 20.0998, 21.587, 42.2966, 26, 33.9706, 61.4003, 36.0555, 6.08276, 0, 56.3028, 38.4708, 54.1479, 85.6329, 33.1059, 27.7308, 32.8938, 60.3075, 61.8466, 58.1378, 56.7274, 56.6127, 61.8466, 72.8629, 72.1803, 72.3464, 10.6301, 12.0416, 14.8661, 30.0167, 28.0713, 29.0689, 21.095, 25, 21.095, 51.6624, 46.1736, 45.607, 54.7083, 55.7853, 55.0273, 65.7419, 66.3702, 63.2851, 39.0128, 37.054, 33.0151, 36.3593, 41.8808, 41.8808, 21.0238, 23.1948, 20.6155, 21.095, 24.5153, 24.5153, 42.0476, 44.0454, 40.05, 28.1603, 29, 23.0217, 36.8782, 37.5366, 36.7696, 63.8905, 60.6383, 63.2456, 36.3456, 39.0128, 39.0512, 6.40312, 5.38516, 3.60555, 3.60555, 3.16228, 3.16228, 53.2541, 56.4004, 53.8516, 42.0595, 41.1461, 41.1825, 51.3517, 57.2189, 52.469, 82.8794, 88.4138, 82.807],
[18.1108, 27.5862, 5.09902, 18.6011, 21.0238, 43.8292, 36.0555, 36.4006, 38.4838, 38.4187, 29.6816, 46.2709, 26.0768, 46.3249, 36.7696, 26.4764, 47.2652, 24.7386, 18.4391, 31.0161, 50.8035, 56.3028, 0, 18.3848, 27.8927, 31.3847, 24.0416, 29.0689, 25.6125, 8.06226, 8.06226, 7.61577, 15.6205, 20.5183, 18.7883, 19.9249, 18.9737, 17.8885, 45.793, 44.4185, 42.0119, 34.4819, 38.0789, 37.5899, 38.2753, 33.8378, 38.2753, 38.9487, 35.4683, 37.3363, 36.6197, 40.2244, 35.805, 33.2866, 29.0689, 26.9258, 48.6621, 49.366, 46.0435, 28, 24.3311, 24.3311, 49.0306, 44.7214, 43.4166, 38.9487, 34.7131, 34.7131, 29.4279, 29.1548, 29.8329, 44.1022, 47.0425, 48.6621, 23.1948, 22.2036, 21.587, 18.4391, 20.8087, 17.0294, 28.2312, 31.0483, 30.0832, 49.93, 53.4135, 52.6973, 59.9083, 55.5698, 55.5698, 3.16228, 3.60555, 3.16228, 14.8661, 16.4012, 15.5563, 25.318, 27.8568, 24.5153, 28.3019, 34.4819, 28.6531],
[15.8114, 9.21954, 21.6333, 28.0713, 38.833, 25.9422, 18.3848, 22.2036, 36.4006, 40.7185, 38.1182, 37.5899, 19.8494, 32.0624, 18.3848, 15.2643, 34.9285, 13.0384, 25.02, 16.1245, 32.7567, 38.4708, 18.3848, 0, 24.4131, 49.4065, 5.65685, 10.8167, 7.61577, 24.1868, 25.2389, 22.3607, 25.1794, 28.0179, 30.4138, 37.2156, 36.3593, 35.805, 28.2312, 26.9258, 23.8537, 17.4642, 20.8806, 20.6155, 23, 19.105, 23, 38.2753, 32.8024, 34.0588, 38.0132, 41.1825, 37.5766, 41.3038, 39, 36.0139, 40.8167, 40.7063, 36.2491, 19.8494, 20.2485, 20.2485, 35.1283, 31.4006, 29.0689, 20.6155, 16.4012, 16.4012, 17.8885, 18.868, 17.088, 32.573, 35.7351, 35.3553, 14.1421, 13.4536, 11.3137, 27.0185, 25.318, 26.0768, 13.1529, 17.72, 16.7631, 32.2025, 35.2278, 34.8855, 42.0595, 38.0789, 38.0789, 15.6205, 19.4165, 15.6205, 3.60555, 3, 2.82843, 20.8087, 26.4197, 21.095, 46.4004, 52.4309, 46.6154],
[38.2884, 26.9258, 32.9848, 45.6946, 46.0435, 43.0465, 27.1662, 45.31, 60.1082, 63.0079, 56.8595, 61.9112, 43.9318, 54.4059, 33.0151, 12.0416, 58.3095, 37.4433, 13.9284, 18.1108, 48.0937, 54.1479, 27.8927, 24.4131, 0, 54.7449, 26, 30.0832, 24.0416, 35.9026, 35.5106, 35.4401, 42.5441, 46.9574, 46.4866, 46.0109, 45.0111, 43.0116, 46.0977, 45.1774, 40.0125, 24.1868, 26.6833, 25.7099, 45.2217, 42.1545, 45.2217, 61.6198, 56.5685, 58, 60.6053, 64.0312, 60, 60.4152, 56.648, 54.231, 65.192, 65, 60.4152, 44.2041, 43.8406, 43.8406, 57.5674, 54.4243, 51.5461, 33.0606, 30.0167, 30.0167, 12.1655, 10.198, 14.1421, 56.3649, 59.5063, 58.1893, 38.4187, 37.6431, 35.609, 16.5529, 11.1803, 17.088, 18.0278, 15.2971, 15.1327, 49, 49.366, 51.0392, 57.3149, 55.0091, 55.0091, 27.8568, 31.3209, 25.2982, 23.3452, 22.0227, 24.0832, 3.60555, 3.16228, 3.60555, 51.6236, 57.8705, 52.469],
[42.2019, 58.6003, 27.8029, 29.5466, 10.6301, 73.5391, 67.4166, 63.0079, 52.1728, 46.0977, 32.0624, 65.7875, 48.8774, 71.8679, 67.624, 57.0088, 70.6612, 51.8556, 41.1947, 62.1691, 80.6102, 85.6329, 31.3847, 49.4065, 54.7449, 0, 55, 59.6657, 56.8595, 25.4951, 24.2074, 27.5862, 30.0167, 32.311, 26, 12.8062, 13.4536, 13.6015, 75.0067, 73.5935, 72.1803, 65.8635, 69.4622, 68.9638, 65.6049, 61.2209, 65.6049, 50.636, 50.9608, 52.8867, 46.3897, 49.163, 45.3982, 34.0147, 29.0172, 30.2655, 66.7608, 68.3081, 66.8506, 51.6236, 46.1411, 46.1411, 73.9256, 69.4622, 69.3397, 70, 65.8027, 65.8027, 59.808, 59.1354, 60.5392, 67.082, 69.3542, 72.9452, 49.2037, 48.4149, 48.9183, 39.0512, 44.1814, 38.1182, 59.4811, 61.8466, 60.9262, 79.2465, 83.4506, 82.0731, 89.1964, 84.386, 84.386, 33.8378, 30, 34.4819, 46.0435, 47.7074, 46.6154, 53.3667, 53.3385, 52.1728, 3.16228, 3.16228, 2.82843],
[19.0263, 3.60555, 27.2029, 32.5576, 44.4072, 20.6155, 13.3417, 19.3132, 37.5899, 43.0116, 42.0119, 36.4006, 21.0238, 28.6356, 12.7279, 15, 32.311, 13.0384, 29.1548, 13.4164, 27.2947, 33.1059, 24.0416, 5.65685, 26, 55, 0, 5.38516, 3.16228, 29.6816, 30.8058, 27.7849, 29.8329, 32.1403, 35.171, 42.72, 41.8808, 41.4005, 23.0868, 21.8403, 18.3576, 13, 16.1245, 16.0312, 19.4165, 16.1555, 19.4165, 39.8121, 34, 34.9857, 40.1622, 43.0813, 39.8497, 45.0111, 43.1856, 40.1123, 39.8246, 39.4081, 34.6699, 20.2485, 22.1359, 22.1359, 31.7805, 28.4605, 25.7099, 15, 10.8167, 10.8167, 16.9706, 18.4391, 15.6205, 30.4138, 33.541, 32.28, 15.2315, 14.8661, 12.6491, 31.4006, 29, 30.5941, 10.8167, 15.8114, 15, 26.9258, 29.6816, 29.5466, 36.6742, 32.8938, 32.8938, 21.2603, 25, 21.2603, 9.21954, 8.06226, 8.48528, 22.4722, 28.4605, 23.0868, 52.0096, 58.0086, 52.2015],
[21.3776, 3.16228, 31.8904, 35.7351, 49.0408, 15.2315, 11.1803, 15.8114, 37.3363, 43.7379, 44.4072, 33.9411, 21.3776, 24.3516, 8.06226, 18.3848, 28.6531, 13.1529, 34.3657, 14.8661, 21.9545, 27.7308, 29.0689, 10.8167, 30.0832, 59.6657, 5.38516, 0, 6.08276, 34.2053, 35.4683, 32.2025, 33.2415, 34.9285, 38.6264, 47.2017, 46.4004, 46.0977, 17.72, 16.4924, 13.0384, 12.083, 14.3178, 14.5602, 15.2315, 12.8062, 15.2315, 39.8497, 33.8378, 34.5398, 40.7922, 43.4166, 40.6079, 47.1699, 45.8912, 42.7551, 37.4833, 36.7967, 31.8904, 19.9249, 23.0868, 23.0868, 27.5136, 24.5967, 21.5407, 10.7703, 7.07107, 7.07107, 19.7231, 21.4709, 18.0278, 27.2029, 30.2324, 28.2312, 16.0312, 16, 14.0357, 36.6742, 34.0588, 35.9026, 13.0384, 17.8045, 17.2047, 21.5407, 24.4131, 24.1661, 31.305, 27.5136, 27.5136, 26.1725, 29.7321, 26.4008, 14.4222, 13.4164, 13.6015, 26.6833, 32.7567, 27.4591, 56.7274, 62.6259, 56.8507],
[22.0907, 3, 29.1548, 35.3553, 46.3249, 20.6155, 10.7703, 21.4709, 40.7063, 46.1736, 45, 39.0512, 24.1661, 30.3645, 11.6619, 12.53, 34.4384, 16.1245, 28.6356, 10.2956, 26.9258, 32.8938, 25.6125, 7.61577, 24.0416, 56.8595, 3.16228, 6.08276, 0, 31.7648, 32.7567, 29.9666, 32.5576, 35.0571, 37.855, 44.7772, 43.909, 43.2666, 23.3452, 22.2036, 18.0278, 10.0499, 13.3417, 13.1529, 21.1896, 18.3576, 21.1896, 42.9535, 37.1214, 38.0789, 43.3244, 46.2385, 43.0116, 48.0416, 46.0977, 43.0465, 42.5206, 42.0119, 37.2022, 23.3238, 25.2982, 25.2982, 33.5261, 30.4631, 27.5136, 13.4536, 9.21954, 9.21954, 14.2127, 15.8114, 12.7279, 32.7567, 35.8469, 34.176, 18.3848, 18.0278, 15.8114, 31.0483, 28.1603, 30.3645, 7.81025, 12.8062, 12.0416, 26.9258, 29.0689, 29.4109, 36.4006, 32.9848, 32.9848, 23.0217, 26.9258, 22.6716, 10.8167, 9.21954, 10.2956, 20.6155, 26.6833, 21.3776, 53.8238, 59.9083, 54.0833],
[18.0278, 33.2866, 3, 12.2066, 14.8661, 48.1041, 42.4853, 38.4708, 34.9285, 33.121, 22.6716, 45.0999, 25.7099, 47.927, 42.2019, 34.2345, 47.8017, 26.9258, 25.5539, 38.3275, 55.1725, 60.3075, 8.06226, 24.1868, 35.9026, 25.4951, 29.6816, 34.2053, 31.7648, 0, 2, 2.23607, 9.84886, 14.7648, 11.4018, 13.0384, 12.2066, 12.0416, 49.679, 48.2701, 46.6905, 41.2311, 44.7772, 44.3847, 40.8167, 36.3593, 40.8167, 34.7851, 32.3883, 34.3657, 31.7805, 35.3412, 30.8707, 26.2488, 21.6333, 19.8494, 47, 48.0416, 45.3982, 28.1603, 23.3452, 23.3452, 50.3289, 45.8803, 45.1885, 44.6542, 40.4969, 40.4969, 37.2156, 37.054, 37.4833, 44.3847, 47.0744, 49.6488, 24.5967, 23.7065, 23.8537, 25, 28.178, 23.6008, 35.4401, 38.6394, 37.6563, 53.9073, 57.9828, 56.7274, 63.8905, 59.203, 59.203, 9.21954, 5.09902, 11, 21.0238, 22.8473, 21.4709, 33.3766, 35.7351, 32.5576, 22.6274, 28.4253, 22.6716],
[19.9249, 34.4093, 3.60555, 13.8924, 13.6015, 49.5782, 43.4166, 40.2492, 36.8782, 34.8855, 24.0416, 47.0956, 27.6586, 49.7695, 43.4166, 34.5254, 49.7293, 28.6531, 24.5967, 38.8973, 56.6392, 61.8466, 8.06226, 25.2389, 35.5106, 24.2074, 30.8058, 35.4683, 32.7567, 2, 0, 4.12311, 11.7047, 16.5529, 12.7279, 12.083, 11.1803, 10.6301, 51.225, 49.8197, 48.0833, 42.0476, 45.618, 45.1885, 42.5441, 38.0789, 42.5441, 36.6879, 34.3657, 36.3456, 33.6155, 37.1618, 32.6956, 27.5862, 22.8035, 21.2132, 49, 50.04, 47.3814, 30.0832, 25.318, 25.318, 52.2015, 47.7598, 47.0106, 45.8039, 41.6173, 41.6173, 37.4833, 37.2156, 37.855, 46.3249, 49.0306, 51.5461, 26.4008, 25.4951, 25.5539, 23.8537, 27.313, 22.4722, 36.0555, 39.0512, 38.0789, 55.4437, 59.4138, 58.258, 65.437, 60.803, 60.803, 9.84886, 5.83095, 11.1803, 21.9545, 23.7065, 22.4722, 33.1361, 35.171, 32.249, 21.2603, 27.2029, 21.4009],
[15.8114, 31.3847, 2.82843, 11.3137, 16.9706, 45.9674, 40.7185, 36.2353, 33.2415, 31.9061, 22.2036, 43.0465, 23.5372, 45.6946, 40.2244, 33.0606, 45.607, 24.6982, 25.807, 36.8782, 53.0377, 58.1378, 7.61577, 22.3607, 35.4401, 27.5862, 27.7849, 32.2025, 29.9666, 2.23607, 4.12311, 0, 8.60233, 13.6015, 11.1803, 15, 14.2127, 14.2127, 47.5079, 46.0977, 44.5982, 39.5601, 43.0813, 42.72, 38.5876, 34.1321, 38.5876, 33.2415, 30.5941, 32.5576, 30.4138, 34, 29.5296, 25.807, 21.4709, 19.4165, 45.0111, 46.0109, 43.2897, 25.9615, 21.2132, 21.2132, 48.1041, 43.6578, 42.9535, 42.72, 38.5876, 38.5876, 36.0555, 36, 36.2215, 42.2019, 44.911, 47.4342, 22.3607, 21.4709, 21.6333, 25.4951, 28.3019, 24.0832, 33.9559, 37.3363, 36.3456, 51.7397, 55.8659, 54.5619, 61.7171, 57.0088, 57.0088, 8, 4.12311, 10.198, 19.3132, 21.1896, 19.6977, 32.7567, 35.4683, 32.0156, 24.7588, 30.4795, 24.7588],
[12.8062, 33.2415, 11.4018, 3.16228, 20.2485, 45.2217, 43.1741, 33.3017, 25.318, 23.3238, 14.3178, 36.6742, 18.868, 41.8808, 41.2311, 38.3275, 40.7185, 22.8035, 34.0588, 41.0122, 52.2015, 56.7274, 15.6205, 25.1794, 42.5441, 30.0167, 29.8329, 33.2415, 32.5576, 9.84886, 11.7047, 8.60233, 0, 5, 5.38516, 17.4642, 17.088, 18.4391, 46.2277, 44.8219, 44.4185, 42.5793, 45.8912, 45.7056, 36.0694, 31.8277, 36.0694, 25, 23.0217, 25.02, 21.9317, 25.4951, 21.0238, 17.8885, 14.3178, 11.7047, 38.2099, 39.4588, 37.3631, 21.6333, 16.1245, 16.1245, 43.909, 39.4462, 39.4081, 44.0114, 40.1622, 40.1622, 41.3038, 41.5933, 41.1096, 37.1618, 39.5601, 42.9418, 19.8494, 19.2094, 20.2485, 33.9411, 36.4006, 32.5269, 38.0132, 42.0476, 41.0488, 50.448, 55.2178, 53.2635, 60.208, 55.1725, 55.1725, 14.7648, 12.0416, 17.4929, 23, 25, 23.0217, 39.5601, 42.9418, 39, 27.7308, 32.45, 27.2947],
[13.6015, 35.3553, 16.4012, 3, 23.3452, 45.6508, 45.3982, 32.6497, 21.0238, 18.3576, 10.198, 33.5261, 17.6918, 40.4599, 42.72, 41.9762, 38.5876, 23.2594, 38.9487, 44.1022, 52.4786, 56.6127, 20.5183, 28.0179, 46.9574, 32.311, 32.1403, 34.9285, 35.0571, 14.7648, 16.5529, 13.6015, 5, 0, 6.32456, 20.3961, 20.2237, 22.0227, 46.3249, 44.9444, 45.1885, 45.0999, 48.2597, 48.1664, 35.609, 31.6228, 35.609, 20.3961, 19.105, 21.095, 17.088, 20.6155, 16.1555, 13.6015, 11.0454, 8, 34.7131, 36.1386, 34.5398, 20.5183, 14.8661, 14.8661, 42.2019, 37.8021, 38.2099, 45.607, 41.9762, 41.9762, 44.911, 45.3542, 44.5533, 34.9857, 37.1214, 41.0488, 20.1246, 19.6977, 21.1896, 38.8973, 41.2311, 37.4833, 41.1096, 45.3982, 44.4072, 50.4777, 55.5698, 53.2541, 60, 54.8179, 54.8179, 19.4165, 16.9706, 22.2036, 26.3059, 28.2843, 26.1725, 43.8634, 47.5079, 43.382, 30.3645, 34.4384, 29.7321],
[18.0278, 38.6005, 13.8924, 3.60555, 17.1172, 50.4777, 48.5077, 38.1838, 27.0185, 23.0868, 11.3137, 39.8497, 23.4307, 46.4004, 46.6154, 43.1045, 44.7772, 28.0179, 36.8917, 46.0977, 57.4282, 61.8466, 18.7883, 30.4138, 46.4866, 26, 35.171, 38.6264, 37.855, 11.4018, 12.7279, 11.1803, 5.38516, 6.32456, 0, 14.1421, 14.0357, 16.0312, 51.4004, 50, 49.7393, 47.8539, 51.1957, 50.9902, 41.0366, 36.8782, 41.0366, 26.0768, 25.318, 27.2947, 22.3607, 25.7099, 21.3776, 14.8661, 10.2956, 8.48528, 41, 42.45, 40.8534, 26.2488, 20.6155, 20.6155, 48.2597, 43.8292, 44.0454, 49.3964, 45.5412, 45.5412, 46.0977, 46.2709, 46.0109, 41.1825, 43.382, 47.1699, 25, 24.4131, 25.5539, 36.4006, 39.4462, 35, 43.1045, 47, 46, 55.6058, 60.4649, 58.4123, 65.2993, 60.208, 60.208, 18.6815, 15.2315, 21.1896, 28.0713, 30.0666, 28.1603, 43.6807, 46.6154, 43.0116, 24.0416, 28.178, 23.4094],
[29.4109, 46.3249, 15.6525, 17.4642, 3, 60.8276, 55.4707, 50.2195, 41.1096, 36.3456, 22.8035, 53.8516, 36.2353, 59.1693, 55.2178, 46.3249, 58.1808, 39.0512, 33.541, 50.9215, 67.897, 72.8629, 19.9249, 37.2156, 46.0109, 12.8062, 42.72, 47.2017, 44.7772, 13.0384, 12.083, 15, 17.4642, 20.3961, 14.1421, 0, 1, 3.60555, 62.2415, 60.8276, 59.5483, 54.1295, 57.6975, 57.2713, 52.8015, 48.4149, 52.8015, 40, 39.4588, 41.4367, 36.0555, 39.2046, 35.0571, 25.632, 20.2485, 20.3961, 55.109, 56.5155, 54.7083, 38.9487, 33.541, 33.541, 61.2944, 56.8243, 56.6039, 57.6888, 53.535, 53.535, 49.2443, 48.8365, 49.7293, 54.626, 57.0088, 60.3738, 36.4006, 35.609, 36.1248, 32.0156, 36.4966, 30.8058, 48.1041, 50.9608, 50, 66.4831, 70.7672, 69.3109, 76.4199, 71.5891, 71.5891, 21.9317, 17.8885, 23.0868, 34, 35.7771, 34.4819, 44.0454, 45.1774, 43.0116, 10.2956, 15.5563, 10],
[28.8444, 45.4863, 14.7648, 17.2627, 3.16228, 60.1082, 54.5894, 49.6488, 41.0488, 36.4966, 23.0868, 53.6004, 35.7771, 58.6686, 54.4059, 45.3542, 57.7754, 38.4187, 32.5576, 49.98, 67.1789, 72.1803, 18.9737, 36.3593, 45.0111, 13.4536, 41.8808, 46.4004, 43.909, 12.2066, 11.1803, 14.2127, 17.088, 20.2237, 14.0357, 1, 0, 2.82843, 61.5549, 60.1415, 58.7963, 53.2259, 56.7979, 56.3649, 52.2015, 47.8017, 52.2015, 40.0125, 39.3192, 41.3038, 36.1248, 39.3192, 35.1283, 26, 20.6155, 20.6155, 54.9181, 56.2939, 54.4059, 38.4708, 33.1059, 33.1059, 60.8276, 56.356, 56.0803, 56.8595, 52.6973, 52.6973, 48.2701, 47.8539, 48.7647, 54.231, 56.648, 59.9333, 35.805, 35, 35.4683, 31.0483, 35.5106, 29.8329, 47.1699, 50, 49.0408, 65.7951, 70.0357, 68.6222, 75.743, 70.9366, 70.9366, 21.0238, 17, 22.1359, 33.121, 34.8855, 33.6155, 43.0465, 44.1814, 42.0119, 10.8167, 16.2788, 10.6301],
[29.5296, 45, 14.2127, 19.0263, 3.16228, 60.1415, 53.8516, 50.2494, 43, 38.833, 25.632, 55.109, 36.7696, 59.4811, 54.037, 43.9659, 58.8727, 38.833, 30.2655, 48.8467, 67.2086, 72.3464, 17.8885, 35.805, 43.0116, 13.6015, 41.4005, 46.0977, 43.2666, 12.0416, 10.6301, 14.2127, 18.4391, 22.0227, 16.0312, 3.60555, 2.82843, 0, 61.7171, 60.3075, 58.6941, 52.3546, 55.9464, 55.4707, 52.6973, 48.2597, 52.6973, 42.107, 41.1096, 43.1045, 38.3275, 41.5933, 37.3363, 28.6356, 23.2594, 23.0868, 56.5685, 57.8705, 55.7853, 39.3954, 34.176, 34.176, 61.7414, 57.2713, 56.8243, 56.4004, 52.2015, 52.2015, 46.8402, 46.3249, 47.4342, 55.3624, 57.8705, 60.9262, 36.3593, 35.5106, 35.805, 28.6356, 33.2415, 27.4591, 46.0977, 48.7032, 47.7598, 65.9469, 70.0071, 68.7677, 75.9276, 71.218, 71.218, 20.2485, 16.4012, 21.0238, 32.45, 34.1321, 33.0151, 41.1947, 42.0476, 40.1123, 10.6301, 16.6433, 10.8167],
[33.4216, 20.3961, 47.8017, 48.0104, 64.4438, 3.16228, 19.9249, 14.5602, 40.1995, 48.8365, 54.1295, 29.8329, 29.0689, 14.3178, 13.1529, 34.0588, 20.6155, 23.4307, 51.9711, 28.4429, 6.32456, 10.6301, 45.793, 28.2312, 46.0977, 75.0067, 23.0868, 17.72, 23.3452, 49.679, 51.225, 47.5079, 46.2277, 46.3249, 51.4004, 62.2415, 61.5549, 61.7171, 0, 1.41421, 6.32456, 22.8035, 21.9317, 22.8473, 11.4018, 14.7648, 11.4018, 43.2897, 37.4833, 37.2156, 45.8912, 47.3814, 46.0977, 56.0803, 56.356, 53.2353, 33.2415, 31.6228, 26.9258, 26.4008, 31.7648, 31.7648, 16.6433, 16.7631, 13.3417, 13.9284, 16.1245, 16.1245, 34.3657, 36.3456, 32.3883, 21.587, 23.4094, 18.3576, 26.4008, 27.0185, 26.1725, 54.3415, 51.4781, 53.6004, 28.0713, 31.5753, 31.4006, 4.24264, 9.48683, 7.07107, 14.2127, 9.84886, 9.84886, 42.72, 45.8039, 43.4166, 31.7805, 31.0161, 30.8707, 43.0116, 49.0408, 44, 72.2496, 77.7946, 72.1803],
[32.0156, 19.2354, 46.4004, 46.6154, 63.0317, 2.82843, 19.3132, 13.3417, 39.1152, 47.676, 52.8015, 29.1204, 27.7308, 13.8924, 12.3693, 33.1361, 20.1246, 22.0227, 50.8035, 27.6586, 7.61577, 12.0416, 44.4185, 26.9258, 45.1774, 73.5935, 21.8403, 16.4924, 22.2036, 48.2701, 49.8197, 46.0977, 44.8219, 44.9444, 50, 60.8276, 60.1415, 60.3075, 1.41421, 0, 5.83095, 22.1359, 21.4709, 22.3607, 10.198, 13.4164, 10.198, 42.19, 36.3456, 36.1248, 44.7214, 46.2709, 44.911, 54.7814, 55.0091, 51.8845, 32.573, 31.0161, 26.2488, 25.0799, 30.4138, 30.4138, 16.4012, 16.1555, 12.6491, 13.4164, 15.2971, 15.2971, 33.541, 35.5106, 31.5753, 20.8806, 22.8473, 18.0278, 25, 25.6125, 24.7588, 53.1507, 50.3587, 52.3927, 27.1662, 30.8058, 30.5941, 5.65685, 10.7703, 8.48528, 15.6205, 11.1803, 11.1803, 41.3401, 44.4072, 42.0595, 30.4631, 29.7321, 29.5466, 42.0476, 48.0937, 43.0116, 70.8378, 76.3806, 70.7672],
[31.7648, 15.2315, 44.5533, 46.5296, 61.5549, 3.16228, 13.6015, 16.1245, 42.0476, 50.0899, 53.7587, 33.6155, 28.8617, 19.2094, 7, 28, 25.2389, 21.9317, 46.5725, 22.2036, 8.94427, 14.8661, 42.0119, 23.8537, 40.0125, 72.1803, 18.3576, 13.0384, 18.0278, 46.6905, 48.0833, 44.5982, 44.4185, 45.1885, 49.7393, 59.5483, 58.7963, 58.6941, 6.32456, 5.83095, 0, 16.4924, 15.6525, 16.5529, 13.3417, 15.0333, 13.3417, 45.0111, 39, 39.0512, 47.0956, 49, 47.1699, 56.0446, 55.7136, 52.5547, 37.1618, 35.7771, 30.8707, 26.4764, 31.3209, 31.3209, 21.9317, 21.095, 17.4929, 7.61577, 10, 10, 28.1603, 30.1496, 26.1725, 25.4951, 27.7849, 23.4307, 25.0799, 25.4951, 24.1868, 49.0408, 45.8912, 48.3839, 22, 25.318, 25.1794, 9.05539, 11.4018, 11.4018, 18.3848, 15.1327, 15.1327, 39.0512, 42.45, 39.4081, 27.4591, 26.4197, 26.6271, 37.0135, 43, 38.0526, 69.3109, 75.0733, 69.3542],
[32.0156, 10.198, 38.4838, 45.3982, 55.4707, 19.6469, 3, 26.9072, 49.3964, 55.5428, 55.0091, 45.4533, 33.2415, 33.8378, 9.84886, 12.6491, 39.0512, 25, 33.121, 6.08276, 24, 30.0167, 34.4819, 17.4642, 24.1868, 65.8635, 13, 12.083, 10.0499, 41.2311, 42.0476, 39.5601, 42.5793, 45.0999, 47.8539, 54.1295, 53.2259, 52.3546, 22.8035, 22.1359, 16.4924, 0, 3.60555, 3.16228, 25.4951, 24.2074, 25.4951, 51.8652, 45.8803, 46.6154, 52.6308, 55.3624, 52.3927, 58.0086, 56.1427, 53.0848, 49.0408, 48.1664, 43.1856, 31.9531, 34.7131, 34.7131, 36.8917, 34.8281, 31.4006, 9.05539, 7.2111, 7.2111, 12.0416, 14.0357, 10.0499, 38.1838, 41.0366, 38.0132, 27.6586, 27.4591, 25.318, 35.8469, 31.7805, 35.5106, 7.2111, 9, 9.05539, 25.1794, 25.1794, 27.0185, 33.1361, 31.0644, 31.0644, 32.2025, 36.2491, 31.3847, 20.2485, 18.3848, 19.9249, 21.587, 27.2947, 22.8035, 62.7694, 68.9638, 63.1348],
[35.0143, 13, 42.0476, 48.6621, 59.0593, 18.7883, 3.16228, 28.0179, 51.5461, 58.0517, 58.0775, 46.6154, 35.6931, 34.0588, 9.8995, 15.6525, 39.598, 27.4591, 36.3593, 8.94427, 22.2036, 28.0713, 38.0789, 20.8806, 26.6833, 69.4622, 16.1245, 14.3178, 13.3417, 44.7772, 45.618, 43.0813, 45.8912, 48.2597, 51.1957, 57.6975, 56.7979, 55.9464, 21.9317, 21.4709, 15.6525, 3.60555, 0, 1, 26.2488, 25.5539, 26.2488, 54.1202, 48.0833, 48.7032, 55.109, 57.7235, 54.9181, 61.0082, 59.3043, 56.2228, 50.2195, 49.2037, 44.2041, 34.2053, 37.3363, 37.3363, 37.0135, 35.3553, 31.8277, 8.06226, 8.06226, 8.06226, 14.5602, 16.4924, 12.6491, 39.0512, 41.7732, 38.2884, 30.2655, 30.1496, 28.0713, 39.1152, 34.8855, 38.833, 10.6301, 11.4018, 11.7047, 23.7697, 23, 25.318, 31, 29.4279, 29.4279, 35.7771, 39.8121, 34.9857, 23.7697, 21.9317, 23.4094, 24.3516, 29.8329, 25.632, 66.3702, 72.5603, 66.7308],
[35, 13.0384, 41.6293, 48.5077, 58.5918, 19.6977, 3.60555, 28.6007, 51.8652, 58.2495, 58.0345, 47.2017, 35.9026, 34.8281, 10.6301, 14.7648, 40.3113, 27.6586, 35.5106, 8.06226, 23.1948, 29.0689, 37.5899, 20.6155, 25.7099, 68.9638, 16.0312, 14.5602, 13.1529, 44.3847, 45.1885, 42.72, 45.7056, 48.1664, 50.9902, 57.2713, 56.3649, 55.4707, 22.8473, 22.3607, 16.5529, 3.16228, 1, 0, 26.9072, 26.0768, 26.9072, 54.4059, 48.3839, 49.0408, 55.3173, 57.9741, 55.109, 61, 59.2115, 56.1427, 50.8035, 49.8197, 44.8219, 34.4819, 37.4833, 37.4833, 37.8021, 36.0694, 32.5576, 8.94427, 8.60233, 8.60233, 13.6015, 15.5242, 11.7047, 39.6989, 42.45, 39.0512, 30.4138, 30.2655, 28.1603, 38.2753, 34, 38.0132, 9.8995, 10.4403, 10.7703, 24.7386, 24, 26.3059, 32, 30.4138, 30.4138, 35.3412, 39.3954, 34.4819, 23.4094, 21.5407, 23.0868, 23.4094, 28.8617, 24.6982, 65.8635, 72.0694, 66.242],
[23.4307, 18.3848, 39.3573, 37.5366, 55.2178, 12, 23.3452, 3.16228, 29.0172, 37.4833, 42.9418, 20.5913, 18.0278, 9.21954, 16.4012, 33.6155, 13.6015, 13.8924, 48.0104, 29.6816, 17.72, 21.095, 38.2753, 23, 45.2217, 65.6049, 19.4165, 15.2315, 21.1896, 40.8167, 42.5441, 38.5876, 36.0694, 35.609, 41.0366, 52.8015, 52.2015, 52.6973, 11.4018, 10.198, 13.3417, 25.4951, 26.2488, 26.9072, 0, 4.47214, 0, 32.0624, 26.1725, 26.0192, 34.5254, 36.1248, 34.7131, 44.7772, 45.2769, 42.19, 24.1868, 23.0217, 18.0278, 15.2643, 20.8087, 20.8087, 12.3693, 9.43398, 6.32456, 18.868, 18.3848, 18.3848, 34.8855, 36.6742, 33.121, 12.8062, 15.5563, 13, 16.4012, 17.2047, 17, 50.01, 48.1664, 49.0408, 28.178, 32.7567, 32.249, 15.2315, 20.8806, 17.8885, 24.4131, 19.2094, 19.2094, 35.1141, 37.5766, 36.4006, 26.0768, 26, 25.0799, 41.7612, 47.8017, 42.45, 63.0079, 68.2495, 62.8013],
[19.105, 15.8114, 34.8855, 33.4216, 50.8035, 14.5602, 22.4722, 3.16228, 27.1662, 35.0571, 39.3954, 21.2603, 14.3178, 13, 16.1555, 30.8869, 16.1555, 9.43398, 44.1022, 27.6586, 21.0238, 25, 33.8378, 19.105, 42.1545, 61.2209, 16.1555, 12.8062, 18.3576, 36.3593, 38.0789, 34.1321, 31.8277, 31.6228, 36.8782, 48.4149, 47.8017, 48.2597, 14.7648, 13.4164, 15.0333, 24.2074, 25.5539, 26.0768, 4.47214, 0, 4.47214, 30.0666, 24.0208, 24.1868, 32.0624, 34.0147, 32.1403, 41.4367, 41.5933, 38.4708, 24.8395, 24.0416, 19.105, 11.7047, 17, 17, 16.0312, 12.3693, 10, 18.9737, 17.4929, 17.4929, 32.45, 34.1321, 30.8058, 14.4222, 17.4929, 16.2788, 12.0416, 12.8062, 12.53, 46.0109, 44.4072, 45, 25.807, 30.6105, 30, 18.868, 24.1661, 21.6333, 28.4253, 23.3452, 23.3452, 30.6757, 33.1059, 32.0156, 22, 22.0907, 21, 38.6264, 44.5982, 39.2173, 58.6003, 63.8905, 58.4123],
[23.4307, 18.3848, 39.3573, 37.5366, 55.2178, 12, 23.3452, 3.16228, 29.0172, 37.4833, 42.9418, 20.5913, 18.0278, 9.21954, 16.4012, 33.6155, 13.6015, 13.8924, 48.0104, 29.6816, 17.72, 21.095, 38.2753, 23, 45.2217, 65.6049, 19.4165, 15.2315, 21.1896, 40.8167, 42.5441, 38.5876, 36.0694, 35.609, 41.0366, 52.8015, 52.2015, 52.6973, 11.4018, 10.198, 13.3417, 25.4951, 26.2488, 26.9072, 0, 4.47214, 0, 32.0624, 26.1725, 26.0192, 34.5254, 36.1248, 34.7131, 44.7772, 45.2769, 42.19, 24.1868, 23.0217, 18.0278, 15.2643, 20.8087, 20.8087, 12.3693, 9.43398, 6.32456, 18.868, 18.3848, 18.3848, 34.8855, 36.6742, 33.121, 12.8062, 15.5563, 13, 16.4012, 17.2047, 17, 50.01, 48.1664, 49.0408, 28.178, 32.7567, 32.249, 15.2315, 20.8806, 17.8885, 24.4131, 19.2094, 19.2094, 35.1141, 37.5766, 36.4006, 26.0768, 26, 25.0799, 41.7612, 47.8017, 42.45, 63.0079, 68.2495, 62.8013],
[23.3452, 41.7852, 35.8469, 23.3452, 43, 44.0454, 50.9608, 29.0172, 3.16228, 6.40312, 18.9737, 18.4391, 18.7883, 31.9531, 45.7056, 53.535, 27.2947, 26.9258, 56.6127, 53.2259, 49.4975, 51.6624, 38.9487, 38.2753, 61.6198, 50.636, 39.8121, 39.8497, 42.9535, 34.7851, 36.6879, 33.2415, 25, 20.3961, 26.0768, 40, 40.0125, 42.107, 43.2897, 42.19, 45.0111, 51.8652, 54.1202, 54.4059, 32.0624, 30.0666, 32.0624, 0, 6.08276, 6.08276, 4.47214, 4.12311, 5.38516, 18.3576, 22.1359, 20.3961, 17.8045, 19.8494, 20.8087, 19.9249, 18.0278, 18.0278, 32.2025, 28.7924, 31.0483, 48.6621, 46.3249, 46.3249, 56.0803, 57.1402, 55.0727, 24.1661, 24.6982, 30.4138, 24.5967, 25.0599, 27.2947, 57.1402, 58.4123, 55.7584, 50.5371, 55.4707, 54.5894, 46.6905, 52.6118, 49.0306, 54.4059, 49.0408, 49.0408, 36.8917, 35.7771, 39.6611, 38.4187, 40, 37.8021, 58.1378, 62.9365, 58.0517, 49.2544, 52.1728, 48.3735],
[18.6011, 35.8469, 32.9848, 22.0907, 42.4264, 38.1182, 44.9222, 23.0868, 3.60555, 11.4018, 20.8087, 15.2643, 13.0384, 26.8328, 39.6232, 48.0104, 22.8035, 21.0238, 52.4786, 47.4131, 43.7379, 46.1736, 35.4683, 32.8024, 56.5685, 50.9608, 34, 33.8378, 37.1214, 32.3883, 34.3657, 30.5941, 23.0217, 19.105, 25.318, 39.4588, 39.3192, 41.1096, 37.4833, 36.3456, 39, 45.8803, 48.0833, 48.3839, 26.1725, 24.0208, 26.1725, 6.08276, 0, 2, 8.544, 10, 8.94427, 21.2132, 23.8537, 21.4709, 15.8114, 17.4642, 17.0294, 13.9284, 12.7279, 12.7279, 27.4591, 23.7065, 25.632, 42.5793, 40.2616, 40.2616, 50.4777, 51.614, 49.3964, 19.4165, 20.5183, 25.807, 18.868, 19.4165, 21.6333, 53.2353, 54.0833, 51.8845, 44.7772, 49.7393, 48.8774, 41, 46.8722, 43.4166, 49.0408, 43.6578, 43.6578, 33.1059, 32.573, 35.7771, 33.2415, 34.7131, 32.5576, 53.0377, 58.0517, 53.0377, 49.2443, 52.811, 48.5077],
[20.2485, 36.6742, 34.9285, 24.0832, 44.4072, 38.0132, 45.5412, 23, 3, 12.083, 22.4722, 13.6015, 14.2127, 26, 40.025, 49.2037, 21.6333, 21.9545, 54.2033, 48.3735, 43.4166, 45.607, 37.3363, 34.0588, 58, 52.8867, 34.9857, 34.5398, 38.0789, 34.3657, 36.3456, 32.5576, 25.02, 21.095, 27.2947, 41.4367, 41.3038, 43.1045, 37.2156, 36.1248, 39.0512, 46.6154, 48.7032, 49.0408, 26.0192, 24.1868, 26.0192, 6.08276, 2, 0, 9.43398, 10.198, 10, 22.6716, 25.5539, 23.2594, 13.9284, 15.6525, 15.5563, 14.7648, 14.2127, 14.2127, 26.4197, 22.8473, 25, 42.9535, 40.8044, 40.8044, 51.614, 52.8015, 50.4777, 18.3576, 19.2094, 24.6982, 20, 20.6155, 22.8035, 55.0091, 55.7584, 53.6656, 45.793, 50.774, 49.93, 40.6079, 46.5296, 42.9535, 48.3839, 43.0116, 43.0116, 34.9285, 34.4819, 37.5766, 34.6554, 36.0694, 33.9411, 54.4518, 59.5483, 54.4885, 51.1957, 54.7083, 50.448],
[22.4722, 42.45, 33.121, 19.9249, 39.0512, 46.3897, 51.9711, 31.4006, 7.07107, 3, 14.5602, 22.6274, 19.4165, 35.3412, 47.1699, 53.2353, 31.0644, 27.6586, 54.6717, 53.4883, 52.1728, 54.7083, 36.6197, 38.0132, 60.6053, 46.3897, 40.1622, 40.7922, 43.3244, 31.7805, 33.6155, 30.4138, 21.9317, 17.088, 22.3607, 36.0555, 36.1248, 38.3275, 45.8912, 44.7214, 47.0956, 52.6308, 55.109, 55.3173, 34.5254, 32.0624, 34.5254, 4.47214, 8.544, 9.43398, 0, 3.60555, 1, 13.8924, 17.72, 16.1245, 22.2036, 24.2074, 24.8395, 21.095, 18.0278, 18.0278, 35.8469, 32.2025, 34.176, 50.1597, 47.5184, 47.5184, 55.9017, 56.8243, 55.0364, 27.7849, 28.6007, 34.1321, 25, 25.2982, 27.5136, 55, 56.6392, 53.6004, 50.6952, 55.5428, 54.626, 49.4773, 55.3173, 51.923, 57.5847, 52.2015, 52.2015, 34.8281, 33.2866, 37.6431, 37.7359, 39.4462, 37.2156, 57.2014, 61.7171, 57.0088, 45.0999, 47.8539, 44.1814],
[25.807, 45.2217, 36.7151, 23.4094, 42.19, 48.0937, 54.5711, 33.0606, 7.28011, 3.16228, 17.1172, 22.2036, 22.1359, 36.0555, 49.4975, 56.4358, 31.305, 30.3645, 58.258, 56.4624, 53.6004, 55.7853, 40.2244, 41.1825, 64.0312, 49.163, 43.0813, 43.4166, 46.2385, 35.3412, 37.1618, 34, 25.4951, 20.6155, 25.7099, 39.2046, 39.3192, 41.5933, 47.3814, 46.2709, 49, 55.3624, 57.7235, 57.9741, 36.1248, 34.0147, 36.1248, 4.12311, 10, 10.198, 3.60555, 0, 4.47214, 15.8114, 20.2237, 19, 21.2132, 23.3452, 24.6982, 23.5372, 21.0238, 21.0238, 36.2491, 32.8938, 35.171, 52.469, 50.01, 50.01, 59.0593, 60.0333, 58.1378, 28.2312, 28.6531, 34.4384, 27.8568, 28.2312, 30.4631, 58.6003, 60.208, 57.2014, 53.7122, 58.6003, 57.6975, 50.8035, 56.7186, 53.1507, 58.5235, 53.1601, 53.1601, 38.4187, 36.8917, 41.2311, 41.0488, 42.72, 40.4969, 60.6053, 65.192, 60.4401, 48.0104, 50.4876, 47.0425],
[21.9545, 42.2019, 32.249, 18.9737, 38.0526, 46.5296, 51.788, 31.5753, 7.81025, 3.16228, 13.6015, 23.3452, 19.2354, 35.7771, 47.0956, 52.7731, 31.6228, 27.4591, 53.9073, 53.1413, 52.3927, 55.0273, 35.805, 37.5766, 60, 45.3982, 39.8497, 40.6079, 43.0116, 30.8707, 32.6956, 29.5296, 21.0238, 16.1555, 21.3776, 35.0571, 35.1283, 37.3363, 46.0977, 44.911, 47.1699, 52.3927, 54.9181, 55.109, 34.7131, 32.1403, 34.7131, 5.38516, 8.94427, 10, 1, 4.47214, 0, 13.0384, 16.7631, 15.1327, 23.0217, 25, 25.4951, 21.0238, 17.72, 17.72, 36.3593, 32.6497, 34.5398, 50.0899, 47.3814, 47.3814, 55.4617, 56.356, 54.626, 28.3019, 29.2062, 34.6699, 24.7386, 25, 27.2029, 54.2033, 55.9017, 52.8015, 50.3289, 55.1543, 54.231, 49.7293, 55.5428, 52.2015, 57.9396, 52.5547, 52.5547, 34.0588, 32.45, 36.8782, 37.2156, 38.9487, 36.7151, 56.6127, 61.0737, 56.4004, 44.1022, 46.8722, 43.1856],
[26, 48.0104, 28.6007, 14.7648, 28.4605, 55.9732, 58.0345, 41.6293, 20.8087, 12.6491, 3.60555, 36.2353, 27.2029, 47.4342, 54.5894, 55.5428, 43.9318, 34.5254, 51.614, 57.4282, 62.3939, 65.7419, 33.2866, 41.3038, 60.4152, 34.0147, 45.0111, 47.1699, 48.0416, 26.2488, 27.5862, 25.807, 17.8885, 13.6015, 14.8661, 25.632, 26, 28.6356, 56.0803, 54.7814, 56.0446, 58.0086, 61.0082, 61, 44.7772, 41.4367, 44.7772, 18.3576, 21.2132, 22.6716, 13.8924, 15.8114, 13.0384, 0, 5.38516, 6.40312, 36.0555, 38.0132, 38.2099, 29.7321, 24.7386, 24.7386, 48.4149, 44.4072, 45.793, 57.5587, 54.231, 54.231, 58.4637, 58.9406, 58.0517, 40.4599, 41.7253, 46.8615, 31.4006, 31.257, 33.1361, 51.225, 54.0833, 49.8197, 54.4518, 58.8558, 57.8705, 60.0083, 65.5515, 62.6498, 68.884, 63.5295, 63.5295, 32.6497, 29.6816, 35.3553, 39.8121, 41.7732, 39.6232, 57.3847, 60.8276, 56.8595, 33.2415, 35.0571, 32.1403],
[24.5153, 46.3897, 24.1868, 11.1803, 23.0868, 55.9464, 56.4358, 42.19, 24.1661, 17.1172, 3.16228, 39.1152, 27.2947, 48.9183, 53.6004, 52.6118, 46.0109, 33.8378, 47.1699, 55.0364, 62.6099, 66.3702, 29.0689, 39, 56.648, 29.0172, 43.1856, 45.8912, 46.0977, 21.6333, 22.8035, 21.4709, 14.3178, 11.0454, 10.2956, 20.2485, 20.6155, 23.2594, 56.356, 55.0091, 55.7136, 56.1427, 59.3043, 59.2115, 45.2769, 41.5933, 45.2769, 22.1359, 23.8537, 25.5539, 17.72, 20.2237, 16.7631, 5.38516, 0, 3.16228, 39.3573, 41.1825, 40.8044, 30.0167, 24.5967, 24.5967, 50.2096, 46.0109, 47.0106, 56.5155, 52.9528, 52.9528, 55.5788, 55.9017, 55.3263, 42.45, 44.0454, 48.7955, 30.6757, 30.3645, 32.0156, 46.6154, 49.7393, 45.2217, 52.0384, 56.2228, 55.2268, 60.4152, 65.7419, 63.1348, 69.6419, 64.3506, 64.3506, 28.7924, 25.4951, 31.3847, 37.1214, 39.1152, 37.054, 53.7587, 56.8595, 53.1413, 28.0713, 30.2655, 27.0185],
[21.3776, 43.2897, 22.2036, 8.544, 23.3452, 52.8015, 53.3385, 39.1152, 22.1359, 16.0312, 2.82843, 36.7151, 24.1868, 46.0109, 50.448, 49.8197, 43.2782, 30.6757, 45.2217, 52.0865, 59.4811, 63.2851, 26.9258, 36.0139, 54.231, 30.2655, 40.1123, 42.7551, 43.0465, 19.8494, 21.2132, 19.4165, 11.7047, 8, 8.48528, 20.3961, 20.6155, 23.0868, 53.2353, 51.8845, 52.5547, 53.0848, 56.2228, 56.1427, 42.19, 38.4708, 42.19, 20.3961, 21.4709, 23.2594, 16.1245, 19, 15.1327, 6.40312, 3.16228, 0, 37.1618, 38.9102, 38.2753, 26.9258, 21.4709, 21.4709, 47.3814, 43.1393, 44.0454, 53.3667, 49.8197, 49.8197, 52.7731, 53.1507, 52.469, 39.6989, 41.4005, 46.0109, 27.5136, 27.2029, 28.8617, 44.8219, 47.7074, 43.4166, 49.0918, 53.3385, 52.345, 57.3062, 62.6099, 60.0333, 66.5733, 61.2944, 61.2944, 26.4008, 23.3238, 29.0689, 34.2345, 36.2215, 34.1321, 51.264, 54.5619, 50.6952, 29.0172, 31.7805, 28.0713],
[30.5941, 40.3113, 47.0956, 37.6563, 58.0517, 35.1141, 47.2017, 22.2036, 15.2643, 24.0832, 36.2353, 3.60555, 22.8035, 19.2354, 40.4969, 54.8179, 13.0384, 27.7849, 63.9062, 52.3259, 38.6394, 39.0128, 48.6621, 40.8167, 65.192, 66.7608, 39.8246, 37.4833, 42.5206, 47, 49, 45.0111, 38.2099, 34.7131, 41, 55.109, 54.9181, 56.5685, 33.2415, 32.573, 37.1618, 49.0408, 50.2195, 50.8035, 24.1868, 24.8395, 24.1868, 17.8045, 15.8114, 13.9284, 22.2036, 21.2132, 23.0217, 36.0555, 39.3573, 37.1618, 0, 2.23607, 6.32456, 21.5407, 24.3311, 24.3311, 18, 16.4924, 19.9249, 43.0465, 42.2019, 42.2019, 56.7274, 58.258, 55.2268, 11.7047, 10.0499, 16, 27.313, 28.2312, 29.9666, 65.146, 65, 63.8905, 50.2494, 55.1725, 54.4885, 35.5106, 41.4367, 37.2156, 41.0488, 36, 36, 45.8912, 46.2709, 48.2701, 42.4853, 43.4166, 41.5933, 61.5873, 67.2309, 61.9112, 65, 68.6222, 64.2884],
[31.257, 39.6989, 48.0104, 39.0512, 59.439, 33.6155, 46.2277, 21.2603, 17.2047, 26.1725, 38.0789, 3.16228, 23.3452, 17.4642, 39.4081, 54.4059, 11.1803, 27.7308, 64.195, 51.6624, 36.8782, 37.054, 49.366, 40.7063, 65, 68.3081, 39.4081, 36.7967, 42.0119, 48.0416, 50.04, 46.0109, 39.4588, 36.1386, 42.45, 56.5155, 56.2939, 57.8705, 31.6228, 31.0161, 35.7771, 48.1664, 49.2037, 49.8197, 23.0217, 24.0416, 23.0217, 19.8494, 17.4642, 15.6525, 24.2074, 23.3452, 25, 38.0132, 41.1825, 38.9102, 2.23607, 0, 5, 21.8403, 25.0799, 25.0799, 16.0312, 14.8661, 18.3848, 41.8808, 41.2311, 41.2311, 56.2228, 57.8014, 54.6717, 10.2956, 8.24621, 14.0357, 27.5136, 28.4605, 30.0832, 65.521, 65.192, 64.2884, 49.679, 54.5619, 53.9073, 33.7343, 39.6232, 35.3553, 39.0128, 34.0147, 34.0147, 46.5296, 47.0956, 48.8365, 42.5441, 43.382, 41.6293, 61.4003, 67.1193, 61.7738, 66.4831, 70.2282, 65.8027],
[28, 34.8281, 45.0999, 37.3363, 57.5674, 28.7924, 41.2311, 16.2788, 17.8045, 27.2029, 37.8021, 3, 20, 13.0384, 34.4093, 49.6488, 7.07107, 23.4094, 60.1664, 46.7547, 32.3883, 33.0151, 46.0435, 36.2491, 60.4152, 66.8506, 34.6699, 31.8904, 37.2022, 45.3982, 47.3814, 43.2897, 37.3631, 34.5398, 40.8534, 54.7083, 54.4059, 55.7853, 26.9258, 26.2488, 30.8707, 43.1856, 44.2041, 44.8219, 18.0278, 19.105, 18.0278, 20.8087, 17.0294, 15.5563, 24.8395, 24.6982, 25.4951, 38.2099, 40.8044, 38.2753, 6.32456, 5, 0, 18.1108, 22.0907, 22.0907, 12.1655, 10.198, 13.6015, 36.8917, 36.2353, 36.2353, 51.4004, 53.0094, 49.8197, 5.38516, 4.12311, 10.198, 23.5372, 24.5153, 25.9615, 61.6117, 61.0328, 60.4152, 44.8219, 49.679, 49.0408, 29.2746, 35.2278, 31.0644, 35.2278, 30.0666, 30.0666, 43.1045, 44.0114, 45.2769, 38.2753, 39, 37.3363, 56.8243, 62.6099, 57.2451, 64.846, 68.942, 64.2573],
[10.198, 21.9317, 27.4591, 22.6716, 41.5933, 26.2488, 31.0483, 12.2066, 17.4642, 24.0832, 27.7308, 18.6815, 2.82843, 20.2485, 26.0768, 34.7131, 19.6469, 7.2111, 42.3792, 33.6155, 32.6956, 36.3593, 28, 19.8494, 44.2041, 51.6236, 20.2485, 19.9249, 23.3238, 28.1603, 30.0832, 25.9615, 21.6333, 20.5183, 26.2488, 38.9487, 38.4708, 39.3954, 26.4008, 25.0799, 26.4764, 31.9531, 34.2053, 34.4819, 15.2643, 11.7047, 15.2643, 19.9249, 13.9284, 14.7648, 21.095, 23.5372, 21.0238, 29.7321, 30.0167, 26.9258, 21.5407, 21.8403, 18.1108, 0, 5.65685, 5.65685, 22.3607, 17.8885, 17.8045, 29.0689, 26.4764, 26.4764, 37.0135, 38.2884, 35.805, 16.2788, 19.105, 21.5407, 5.83095, 6.7082, 8.60233, 43.6807, 43.4626, 42.45, 31.0644, 36.0555, 35.2278, 30.4138, 35.8469, 33.121, 39.6611, 34.4093, 34.4093, 25.02, 26.1725, 27.1662, 21.095, 22.2036, 20.2485, 40.6079, 46.0435, 40.8044, 49.2443, 54.0833, 48.8774],
[6.32456, 24.5153, 23.0217, 17.0294, 36.2491, 31.3847, 34.2345, 17.8045, 16.2788, 20.8806, 22.4722, 22.0227, 2.82843, 25.807, 30.0666, 35.5106, 24.6982, 10, 40.2492, 35.4683, 38.0132, 41.8808, 24.3311, 20.2485, 43.8406, 46.1411, 22.1359, 23.0868, 25.2982, 23.3452, 25.318, 21.2132, 16.1245, 14.8661, 20.6155, 33.541, 33.1059, 34.176, 31.7648, 30.4138, 31.3209, 34.7131, 37.3363, 37.4833, 20.8087, 17, 20.8087, 18.0278, 12.7279, 14.2127, 18.0278, 21.0238, 17.72, 24.7386, 24.5967, 21.4709, 24.3311, 25.0799, 22.0907, 5.65685, 0, 0, 27.7849, 23.3238, 23.4307, 33.0606, 30.0167, 30.0167, 38.0789, 39.1152, 37.1214, 21.1896, 23.7697, 26.8328, 7.07107, 7.28011, 9.48683, 41.2311, 41.6773, 39.9249, 32.6956, 37.5766, 36.6742, 35.8469, 41.1461, 38.5876, 45.2217, 40, 40, 21.587, 22.0227, 24.0416, 20.5183, 22.0227, 19.8494, 40.3113, 45.3431, 40.3113, 43.8292, 48.5489, 43.4166],
[6.32456, 24.5153, 23.0217, 17.0294, 36.2491, 31.3847, 34.2345, 17.8045, 16.2788, 20.8806, 22.4722, 22.0227, 2.82843, 25.807, 30.0666, 35.5106, 24.6982, 10, 40.2492, 35.4683, 38.0132, 41.8808, 24.3311, 20.2485, 43.8406, 46.1411, 22.1359, 23.0868, 25.2982, 23.3452, 25.318, 21.2132, 16.1245, 14.8661, 20.6155, 33.541, 33.1059, 34.176, 31.7648, 30.4138, 31.3209, 34.7131, 37.3363, 37.4833, 20.8087, 17, 20.8087, 18.0278, 12.7279, 14.2127, 18.0278, 21.0238, 17.72, 24.7386, 24.5967, 21.4709, 24.3311, 25.0799, 22.0907, 5.65685, 0, 0, 27.7849, 23.3238, 23.4307, 33.0606, 30.0167, 30.0167, 38.0789, 39.1152, 37.1214, 21.1896, 23.7697, 26.8328, 7.07107, 7.28011, 9.48683, 41.2311, 41.6773, 39.9249, 32.6956, 37.5766, 36.6742, 35.8469, 41.1461, 38.5876, 45.2217, 40, 40, 21.587, 22.0227, 24.0416, 20.5183, 22.0227, 19.8494, 40.3113, 45.3431, 40.3113, 43.8292, 48.5489, 43.4166],
[32.311, 30.6757, 49.3356, 44.6542, 63.9531, 19.2094, 34.4093, 13, 29.0689, 38.4708, 47.4236, 15.1327, 25.0599, 3.16228, 27.2029, 45.8803, 5.09902, 24.3311, 60.1332, 41.5933, 21.1896, 21.0238, 49.0306, 35.1283, 57.5674, 73.9256, 31.7805, 27.5136, 33.5261, 50.3289, 52.2015, 48.1041, 43.909, 42.2019, 48.2597, 61.2944, 60.8276, 61.7414, 16.6433, 16.4012, 21.9317, 36.8917, 37.0135, 37.8021, 12.3693, 16.0312, 12.3693, 32.2025, 27.4591, 26.4197, 35.8469, 36.2491, 36.3593, 48.4149, 50.2096, 47.3814, 18, 16.0312, 12.1655, 22.3607, 27.7849, 27.7849, 0, 4.47214, 6.08276, 29.0689, 29.6816, 29.6816, 47.0106, 48.8467, 45.1885, 8.06226, 8.06226, 2, 25.9615, 26.9258, 27.4591, 62.0322, 60.407, 61.0082, 40.3113, 44.7214, 44.2832, 18.0278, 23.7697, 19.4165, 23.0868, 18, 18, 45.8912, 47.8017, 47.5184, 38.0132, 38.1182, 37.0135, 54.1202, 60.1664, 54.8179, 71.5891, 76.3217, 71.1969],
[27.8568, 27.7308, 44.9222, 40.2244, 59.4811, 18.7883, 32.5576, 9.21954, 25.632, 34.9285, 43.2782, 13.1529, 20.5913, 3.16228, 25.4558, 42.9535, 4.24264, 20.0998, 56.3205, 39.1152, 22.2036, 23.1948, 44.7214, 31.4006, 54.4243, 69.4622, 28.4605, 24.5967, 30.4631, 45.8803, 47.7598, 43.6578, 39.4462, 37.8021, 43.8292, 56.8243, 56.356, 57.2713, 16.7631, 16.1555, 21.095, 34.8281, 35.3553, 36.0694, 9.43398, 12.3693, 9.43398, 28.7924, 23.7065, 22.8473, 32.2025, 32.8938, 32.6497, 44.4072, 46.0109, 43.1393, 16.4924, 14.8661, 10.198, 17.8885, 23.3238, 23.3238, 4.47214, 0, 3.60555, 27.6586, 27.6586, 27.6586, 44.2945, 46.0652, 42.5441, 5, 6.7082, 4, 21.587, 22.561, 23.1948, 58.1378, 56.7186, 57.0789, 37.5899, 42.19, 41.6773, 19.105, 25.0799, 21, 25.7099, 20.3961, 20.3961, 41.5933, 43.4166, 43.2897, 34.1321, 34.3657, 33.1361, 50.9215, 56.921, 51.5461, 67.1193, 71.8679, 66.7308],
[27.2947, 24.6982, 44.0114, 40.4599, 59.1693, 15.2315, 29.0689, 7.07107, 27.8927, 37, 44.4072, 16.4924, 20.6155, 3, 21.9317, 39.9249, 7.81025, 18.6815, 54.0833, 35.8469, 19.0263, 20.6155, 43.4166, 29.0689, 51.5461, 69.3397, 25.7099, 21.5407, 27.5136, 45.1885, 47.0106, 42.9535, 39.4081, 38.2099, 44.0454, 56.6039, 56.0803, 56.8243, 13.3417, 12.6491, 17.4929, 31.4006, 31.8277, 32.5576, 6.32456, 10, 6.32456, 31.0483, 25.632, 25, 34.176, 35.171, 34.5398, 45.793, 47.0106, 44.0454, 19.9249, 18.3848, 13.6015, 17.8045, 23.4307, 23.4307, 6.08276, 3.60555, 0, 24.0832, 24.2074, 24.2074, 41.1461, 42.9535, 39.3573, 8.24621, 10.2956, 6.7082, 20.6155, 21.5407, 21.8403, 56.0089, 54.3323, 55, 34.4384, 38.9487, 38.4708, 16, 22, 18.1108, 23.4094, 18.0278, 18.0278, 40.2616, 42.3792, 41.7732, 32, 32.0624, 31, 48.0833, 54.1202, 48.7647, 66.888, 71.8471, 66.5733],
[32.0156, 11.4018, 42.2019, 46.4866, 59.4054, 10.7703, 6.08276, 21.0238, 45.8912, 53.1507, 54.9181, 39.4462, 31, 26.1725, 3, 21.2132, 31.8904, 23.0868, 40.8534, 15, 15.0333, 21.095, 38.9487, 20.6155, 33.0606, 70, 15, 10.7703, 13.4536, 44.6542, 45.8039, 42.72, 44.0114, 45.607, 49.3964, 57.6888, 56.8595, 56.4004, 13.9284, 13.4164, 7.61577, 9.05539, 8.06226, 8.94427, 18.868, 18.9737, 18.868, 48.6621, 42.5793, 42.9535, 50.1597, 52.469, 50.0899, 57.5587, 56.5155, 53.3667, 43.0465, 41.8808, 36.8917, 29.0689, 33.0606, 33.0606, 29.0689, 27.6586, 24.0832, 0, 4.24264, 4.24264, 21, 23, 19, 31.6228, 34.2053, 30.4138, 26.1725, 26.3059, 24.5153, 43.4626, 39.8497, 42.9535, 15.2971, 18.0278, 18, 16.1245, 16.4924, 18, 24.3311, 22.0227, 22.0227, 36.2353, 40, 36.0694, 24.0832, 22.6274, 23.4307, 30.2655, 36.1248, 31.4006, 67.0075, 73.0069, 67.2012],
[28.4429, 7.2111, 38.0132, 42.72, 55.2178, 13.0384, 5, 20, 43.6807, 50.4876, 51.4781, 38.6005, 28.1603, 26.6271, 3, 18, 31.8904, 20.025, 37, 12.3693, 18.4391, 24.5153, 34.7131, 16.4012, 30.0167, 65.8027, 10.8167, 7.07107, 9.21954, 40.4969, 41.6173, 38.5876, 40.1622, 41.9762, 45.5412, 53.535, 52.6973, 52.2015, 16.1245, 15.2971, 10, 7.2111, 8.06226, 8.60233, 18.3848, 17.4929, 18.3848, 46.3249, 40.2616, 40.8044, 47.5184, 50.01, 47.3814, 54.231, 52.9528, 49.8197, 42.2019, 41.2311, 36.2353, 26.4764, 30.0167, 30.0167, 29.6816, 27.6586, 24.2074, 4.24264, 0, 0, 18.2483, 20.2237, 16.2788, 31.1448, 33.9411, 30.8058, 23, 23.0217, 21.095, 39.5601, 36.1386, 39, 12, 15.5242, 15.2971, 19.0263, 20.2485, 21.2132, 27.8927, 25.0799, 25.0799, 32.0156, 35.805, 31.8277, 19.8494, 18.3848, 19.2094, 27.0185, 33, 28.0713, 62.8013, 68.8186, 63.0079],
[28.4429, 7.2111, 38.0132, 42.72, 55.2178, 13.0384, 5, 20, 43.6807, 50.4876, 51.4781, 38.6005, 28.1603, 26.6271, 3, 18, 31.8904, 20.025, 37, 12.3693, 18.4391, 24.5153, 34.7131, 16.4012, 30.0167, 65.8027, 10.8167, 7.07107, 9.21954, 40.4969, 41.6173, 38.5876, 40.1622, 41.9762, 45.5412, 53.535, 52.6973, 52.2015, 16.1245, 15.2971, 10, 7.2111, 8.06226, 8.60233, 18.3848, 17.4929, 18.3848, 46.3249, 40.2616, 40.8044, 47.5184, 50.01, 47.3814, 54.231, 52.9528, 49.8197, 42.2019, 41.2311, 36.2353, 26.4764, 30.0167, 30.0167, 29.6816, 27.6586, 24.2074, 4.24264, 0, 0, 18.2483, 20.2237, 16.2788, 31.1448, 33.9411, 30.8058, 23, 23.0217, 21.095, 39.5601, 36.1386, 39, 12, 15.5242, 15.2971, 19.0263, 20.2485, 21.2132, 27.8927, 25.0799, 25.0799, 32.0156, 35.805, 31.8277, 19.8494, 18.3848, 19.2094, 27.0185, 33, 28.0713, 62.8013, 68.8186, 63.0079],
[33.6155, 16.6433, 34.2345, 44.4072, 50, 31.257, 15.0333, 35.5106, 54.0833, 58.6003, 55.109, 53.2635, 37.4433, 43.8634, 21.2132, 3, 48.3735, 29.8329, 22.6716, 6, 36.0139, 42.0476, 29.4279, 17.8885, 12.1655, 59.808, 16.9706, 19.7231, 14.2127, 37.2156, 37.4833, 36.0555, 41.3038, 44.911, 46.0977, 49.2443, 48.2701, 46.8402, 34.3657, 33.541, 28.1603, 12.0416, 14.5602, 13.6015, 34.8855, 32.45, 34.8855, 56.0803, 50.4777, 51.614, 55.9017, 59.0593, 55.4617, 58.4637, 55.5788, 52.7731, 56.7274, 56.2228, 51.4004, 37.0135, 38.0789, 38.0789, 47.0106, 44.2945, 41.1461, 21, 18.2483, 18.2483, 0, 2, 2, 46.8722, 49.93, 47.8539, 31.6228, 31.0644, 28.8444, 25.4951, 20.8087, 25.4558, 6.7082, 3.16228, 3, 37.054, 37.2156, 39, 45.1774, 43.0116, 43.0116, 28.0713, 32.1403, 26.3059, 18.6815, 16.7631, 18.9737, 9.84886, 15.2971, 11.1803, 56.648, 62.9682, 57.2451],
[34.4384, 18.3576, 34.0588, 44.7214, 49.4773, 33.2415, 17.0294, 37.2156, 55.2178, 59.4811, 55.5428, 54.8179, 38.6005, 45.6946, 23.1948, 3.60555, 50.1199, 31.1448, 21.2132, 8, 38.0132, 44.0454, 29.1548, 18.868, 10.198, 59.1354, 18.4391, 21.4709, 15.8114, 37.054, 37.2156, 36, 41.5933, 45.3542, 46.2709, 48.8365, 47.8539, 46.3249, 36.3456, 35.5106, 30.1496, 14.0357, 16.4924, 15.5242, 36.6742, 34.1321, 36.6742, 57.1402, 51.614, 52.8015, 56.8243, 60.0333, 56.356, 58.9406, 55.9017, 53.1507, 58.258, 57.8014, 53.0094, 38.2884, 39.1152, 39.1152, 48.8467, 46.0652, 42.9535, 23, 20.2237, 20.2237, 2, 0, 4, 48.5489, 51.6236, 49.6588, 32.8024, 32.2025, 30, 24.0416, 19.2094, 24.0832, 8.544, 5.09902, 5, 39.0512, 39.2046, 41, 47.1699, 45.0111, 45.0111, 28, 32.0156, 26.0768, 19.3132, 17.4642, 19.6977, 8.06226, 13.3417, 9.43398, 55.9732, 62.2977, 56.6127],
[32.8938, 15, 34.5254, 44.1814, 50.5964, 29.2746, 13.0384, 33.8378, 53, 57.7754, 54.7449, 51.7397, 36.3593, 42.0476, 19.2354, 3.60555, 46.6476, 28.6007, 24.2074, 4, 34.0147, 40.05, 29.8329, 17.088, 14.1421, 60.5392, 15.6205, 18.0278, 12.7279, 37.4833, 37.855, 36.2215, 41.1096, 44.5533, 46.0109, 49.7293, 48.7647, 47.4342, 32.3883, 31.5753, 26.1725, 10.0499, 12.6491, 11.7047, 33.121, 30.8058, 33.121, 55.0727, 49.3964, 50.4777, 55.0364, 58.1378, 54.626, 58.0517, 55.3263, 52.469, 55.2268, 54.6717, 49.8197, 35.805, 37.1214, 37.1214, 45.1885, 42.5441, 39.3573, 19, 16.2788, 16.2788, 2, 4, 0, 45.2217, 48.2597, 46.0652, 30.5287, 30.0167, 27.7849, 27.0185, 22.4722, 26.9072, 5, 1.41421, 1, 35.0571, 35.2278, 37, 43.1856, 41.0122, 41.0122, 28.2843, 32.3883, 26.6833, 18.2483, 16.2788, 18.4391, 11.7047, 17.2627, 13, 57.3847, 63.6946, 57.9396],
[26.4764, 30.2324, 43.7379, 37.5899, 57.3847, 23.4094, 36.1248, 11.4018, 21.0238, 30.4138, 39.598, 8.24621, 18.6815, 8.06226, 29.2062, 45.2769, 3.60555, 20.2237, 57.0701, 42.0119, 27.1662, 28.1603, 44.1022, 32.573, 56.3649, 67.082, 30.4138, 27.2029, 32.7567, 44.3847, 46.3249, 42.2019, 37.1618, 34.9857, 41.1825, 54.626, 54.231, 55.3624, 21.587, 20.8806, 25.4951, 38.1838, 39.0512, 39.6989, 12.8062, 14.4222, 12.8062, 24.1661, 19.4165, 18.3576, 27.7849, 28.2312, 28.3019, 40.4599, 42.45, 39.6989, 11.7047, 10.2956, 5.38516, 16.2788, 21.1896, 21.1896, 8.06226, 5, 8.24621, 31.6228, 31.1448, 31.1448, 46.8722, 48.5489, 45.2217, 0, 3.16228, 6.40312, 21, 22, 23.0868, 58.6941, 57.7235, 57.5587, 40.2244, 45, 44.4072, 24.0832, 30.0666, 26, 30.5941, 25.318, 25.318, 41.0488, 42.4264, 43, 34.9285, 35.4401, 33.9559, 52.8015, 58.6941, 53.3104, 64.8845, 69.3542, 64.405],
[29.2746, 33.2866, 46.5296, 39.8121, 59.808, 25.4951, 38.8973, 14.4222, 21.6333, 31.0644, 41.1096, 7.07107, 21.3776, 9.21954, 31.8904, 48.3735, 3, 23.3452, 60.208, 45, 28.6356, 29, 47.0425, 35.7351, 59.5063, 69.3542, 33.541, 30.2324, 35.8469, 47.0744, 49.0306, 44.911, 39.5601, 37.1214, 43.382, 57.0088, 56.648, 57.8705, 23.4094, 22.8473, 27.7849, 41.0366, 41.7732, 42.45, 15.5563, 17.4929, 15.5563, 24.6982, 20.5183, 19.2094, 28.6007, 28.6531, 29.2062, 41.7253, 44.0454, 41.4005, 10.0499, 8.24621, 4.12311, 19.105, 23.7697, 23.7697, 8.06226, 6.7082, 10.2956, 34.2053, 33.9411, 33.9411, 49.93, 51.6236, 48.2597, 3.16228, 0, 6.08276, 24.0208, 25.02, 26.1725, 61.8142, 60.8769, 60.6712, 43.2666, 48.0104, 47.4342, 25.4951, 31.4006, 27.1662, 31.1448, 26.0192, 26.0192, 44.0114, 45.2769, 46.0109, 38.0789, 38.6005, 37.108, 55.9464, 61.8466, 56.4624, 67.2309, 71.5542, 66.7083],
[31.6228, 31.3847, 48.7647, 43.566, 63.0714, 20.8087, 35.609, 13.1529, 27.2947, 36.7151, 45.9674, 13.1529, 24.1661, 4.24264, 28.4253, 46.6154, 3.16228, 24.0832, 60.2993, 42.5441, 23.0868, 23.0217, 48.6621, 35.3553, 58.1893, 72.9452, 32.28, 28.2312, 34.176, 49.6488, 51.5461, 47.4342, 42.9418, 41.0488, 47.1699, 60.3738, 59.9333, 60.9262, 18.3576, 18.0278, 23.4307, 38.0132, 38.2884, 39.0512, 13, 16.2788, 13, 30.4138, 25.807, 24.6982, 34.1321, 34.4384, 34.6699, 46.8615, 48.7955, 46.0109, 16, 14.0357, 10.198, 21.5407, 26.8328, 26.8328, 2, 4, 6.7082, 30.4138, 30.8058, 30.8058, 47.8539, 49.6588, 46.0652, 6.40312, 6.08276, 0, 25.4951, 26.4764, 27.1662, 62.1289, 60.6712, 61.0737, 41.1461, 45.6508, 45.1774, 19.9249, 25.7099, 21.3776, 25.0799, 20, 20, 45.5412, 47.2969, 47.2652, 38.1182, 38.3275, 37.1214, 54.7083, 60.7289, 55.3624, 70.6612, 75.2928, 70.2353],
[7.07107, 17.4642, 23.4094, 21.6333, 38.833, 25.5539, 27.1662, 13.8924, 22.4722, 27.8927, 28.8617, 24.3516, 5.83095, 23.4094, 23.1948, 29.2062, 24.0832, 3.16228, 36.6879, 28.6356, 32.45, 36.8782, 23.1948, 14.1421, 38.4187, 49.2037, 15.2315, 16.0312, 18.3848, 24.5967, 26.4008, 22.3607, 19.8494, 20.1246, 25, 36.4006, 35.805, 36.3593, 26.4008, 25, 25.0799, 27.6586, 30.2655, 30.4138, 16.4012, 12.0416, 16.4012, 24.5967, 18.868, 20, 25, 27.8568, 24.7386, 31.4006, 30.6757, 27.5136, 27.313, 27.5136, 23.5372, 5.83095, 7.07107, 7.07107, 25.9615, 21.587, 20.6155, 26.1725, 23, 23, 31.6228, 32.8024, 30.5287, 21, 24.0208, 25.4951, 0, 1, 2.82843, 38.0789, 37.6962, 36.8782, 25.9422, 30.8869, 30.0167, 30.6105, 35.5106, 33.4216, 40.3609, 35.3553, 35.3553, 20.0998, 21.8403, 22, 15.2643, 16.4012, 14.4222, 34.8281, 40.2244, 35, 46.6154, 51.8556, 46.4004],
[6.40312, 17.2627, 22.4722, 21.095, 38.0132, 26.0768, 27.074, 14.7648, 23.0217, 28.1603, 28.6356, 25.2982, 6.40312, 24.3516, 23.3452, 28.6007, 25.0799, 3.60555, 35.7351, 28.2312, 33.0151, 37.5366, 22.2036, 13.4536, 37.6431, 48.4149, 14.8661, 16, 18.0278, 23.7065, 25.4951, 21.4709, 19.2094, 19.6977, 24.4131, 35.609, 35, 35.5106, 27.0185, 25.6125, 25.4951, 27.4591, 30.1496, 30.2655, 17.2047, 12.8062, 17.2047, 25.0599, 19.4165, 20.6155, 25.2982, 28.2312, 25, 31.257, 30.3645, 27.2029, 28.2312, 28.4605, 24.5153, 6.7082, 7.28011, 7.28011, 26.9258, 22.561, 21.5407, 26.3059, 23.0217, 23.0217, 31.0644, 32.2025, 30.0167, 22, 25.02, 26.4764, 1, 0, 2.23607, 37.108, 36.7696, 35.9026, 25.4951, 30.4138, 29.5296, 31.241, 36.0555, 34.0588, 41.0366, 36.0694, 36.0694, 19.105, 20.8806, 21, 14.4222, 15.6205, 13.6015, 34.0588, 39.4081, 34.2053, 45.8039, 51.0882, 45.607],
[7.61577, 15.1327, 22.3607, 22.3607, 38.4187, 25, 25.02, 14.8661, 25.2389, 30.3645, 30.4138, 26.9258, 8.60233, 24.7386, 21.587, 26.4008, 26, 3.16228, 34.2053, 26, 32.0156, 36.7696, 21.587, 11.3137, 35.609, 48.9183, 12.6491, 14.0357, 15.8114, 23.8537, 25.5539, 21.6333, 20.2485, 21.1896, 25.5539, 36.1248, 35.4683, 35.805, 26.1725, 24.7588, 24.1868, 25.318, 28.0713, 28.1603, 17, 12.53, 17, 27.2947, 21.6333, 22.8035, 27.5136, 30.4631, 27.2029, 33.1361, 32.0156, 28.8617, 29.9666, 30.0832, 25.9615, 8.60233, 9.48683, 9.48683, 27.4591, 23.1948, 21.8403, 24.5153, 21.095, 21.095, 28.8444, 30, 27.7849, 23.0868, 26.1725, 27.1662, 2.82843, 2.23607, 0, 35.6931, 35.1141, 34.5254, 23.2594, 28.178, 27.2947, 30.4138, 35, 33.2415, 40.3113, 35.4683, 35.4683, 18.4391, 20.6155, 20.0998, 12.53, 13.6015, 11.6619, 32.0156, 37.4433, 32.2025, 46.2277, 51.6624, 46.0977],
[34.9285, 33.9559, 22.6716, 36.7967, 31.4006, 51.6624, 38.4708, 49.0408, 56.4358, 56.8507, 47.634, 62.3618, 42.3792, 59.0085, 42.3792, 23.6008, 61.4003, 38.4708, 2.82843, 30.2324, 57.8705, 63.8905, 18.4391, 27.0185, 16.5529, 39.0512, 31.4006, 36.6742, 31.0483, 25, 23.8537, 25.4951, 33.9411, 38.8973, 36.4006, 32.0156, 31.0483, 28.6356, 54.3415, 53.1507, 49.0408, 35.8469, 39.1152, 38.2753, 50.01, 46.0109, 50.01, 57.1402, 53.2353, 55.0091, 55, 58.6003, 54.2033, 51.225, 46.6154, 44.8219, 65.146, 65.521, 61.6117, 43.6807, 41.2311, 41.2311, 62.0322, 58.1378, 56.0089, 43.4626, 39.5601, 39.5601, 25.4951, 24.0416, 27.0185, 58.6941, 61.8142, 62.1289, 38.0789, 37.108, 35.6931, 0, 5.38516, 1.41421, 28.6531, 28.4253, 27.8029, 57.9741, 59.808, 60.4401, 67.3573, 64.0312, 64.0312, 20.2485, 21.9317, 17.4929, 24.0208, 24.0208, 25.02, 16.4012, 14.5602, 15, 36.0139, 42.107, 37],
[35.5106, 31.1448, 25.5539, 39.4081, 36.1248, 48.6621, 34.5398, 47.5184, 57.4282, 58.6941, 50.4777, 62.0322, 42.4853, 57.3149, 39.0512, 19.2354, 60.208, 37.6431, 3, 25.9422, 54.5711, 60.6383, 20.8087, 25.318, 11.1803, 44.1814, 29, 34.0588, 28.1603, 28.178, 27.313, 28.3019, 36.4006, 41.2311, 39.4462, 36.4966, 35.5106, 33.2415, 51.4781, 50.3587, 45.8912, 31.7805, 34.8855, 34, 48.1664, 44.4072, 48.1664, 58.4123, 54.0833, 55.7584, 56.6392, 60.208, 55.9017, 54.0833, 49.7393, 47.7074, 65, 65.192, 61.0328, 43.4626, 41.6773, 41.6773, 60.407, 56.7186, 54.3323, 39.8497, 36.1386, 36.1386, 20.8087, 19.2094, 22.4722, 57.7235, 60.8769, 60.6712, 37.6962, 36.7696, 35.1141, 5.38516, 0, 6.08276, 24.6982, 23.8537, 23.3238, 54.9181, 56.3205, 57.2713, 64.0312, 61, 61, 21.9317, 24.4131, 19.105, 22.8035, 22.3607, 23.7697, 11.3137, 9.21954, 9.8995, 41.1096, 47.2652, 42.0476],
[33.6155, 33.2415, 21.2603, 35.3836, 30.2655, 50.9608, 38.0789, 48.0104, 55.0727, 55.4437, 46.2277, 61.131, 41.1096, 58, 41.7852, 23.4307, 60.2993, 37.3363, 3.16228, 30, 57.2451, 63.2456, 17.0294, 26.0768, 17.088, 38.1182, 30.5941, 35.9026, 30.3645, 23.6008, 22.4722, 24.0832, 32.5269, 37.4833, 35, 30.8058, 29.8329, 27.4591, 53.6004, 52.3927, 48.3839, 35.5106, 38.833, 38.0132, 49.0408, 45, 49.0408, 55.7584, 51.8845, 53.6656, 53.6004, 57.2014, 52.8015, 49.8197, 45.2217, 43.4166, 63.8905, 64.2884, 60.4152, 42.45, 39.9249, 39.9249, 61.0082, 57.0789, 55, 42.9535, 39, 39, 25.4558, 24.0832, 26.9072, 57.5587, 60.6712, 61.0737, 36.8782, 35.9026, 34.5254, 1.41421, 6.08276, 0, 28.3019, 28.3196, 27.6586, 57.28, 59.2368, 59.7746, 66.7308, 63.3246, 63.3246, 18.868, 20.5183, 16.1245, 23, 23.0868, 24, 16.6433, 15.2971, 15.2643, 35.0571, 41.1947, 36.0139],
[28.8617, 10, 32.573, 41, 49.2443, 25.02, 9.84886, 28.8444, 48.3735, 53.4883, 51.2445, 46.7547, 31.7648, 37.1618, 15, 6, 41.6773, 23.8537, 25.9422, 3, 30.2655, 36.3456, 28.2312, 13.1529, 18.0278, 59.4811, 10.8167, 13.0384, 7.81025, 35.4401, 36.0555, 33.9559, 38.0132, 41.1096, 43.1045, 48.1041, 47.1699, 46.0977, 28.0713, 27.1662, 22, 7.2111, 10.6301, 9.8995, 28.178, 25.807, 28.178, 50.5371, 44.7772, 45.793, 50.6952, 53.7122, 50.3289, 54.4518, 52.0384, 49.0918, 50.2494, 49.679, 44.8219, 31.0644, 32.6956, 32.6956, 40.3113, 37.5899, 34.4384, 15.2971, 12, 12, 6.7082, 8.544, 5, 40.2244, 43.2666, 41.1461, 25.9422, 25.4951, 23.2594, 28.6531, 24.6982, 28.3019, 0, 5, 4.24264, 31.0161, 31.7805, 33.1361, 39.6232, 37.054, 37.054, 26.2488, 30.3645, 25.0799, 15.0333, 13.0384, 15, 15.0333, 21, 16.1245, 56.356, 62.6099, 56.7979],
[33.5261, 14.8661, 35.6931, 45.0999, 51.8652, 28.4429, 12, 33.6006, 53.3385, 58.3095, 55.5788, 51.6624, 36.7151, 41.5933, 18.4391, 5, 46.3249, 28.8444, 25.6125, 3.16228, 33, 39.0128, 31.0483, 17.72, 15.2971, 61.8466, 15.8114, 17.8045, 12.8062, 38.6394, 39.0512, 37.3363, 42.0476, 45.3982, 47, 50.9608, 50, 48.7032, 31.5753, 30.8058, 25.318, 9, 11.4018, 10.4403, 32.7567, 30.6105, 32.7567, 55.4707, 49.7393, 50.774, 55.5428, 58.6003, 55.1543, 58.8558, 56.2228, 53.3385, 55.1725, 54.5619, 49.679, 36.0555, 37.5766, 37.5766, 44.7214, 42.19, 38.9487, 18.0278, 15.5242, 15.5242, 3.16228, 5.09902, 1.41421, 45, 48.0104, 45.6508, 30.8869, 30.4138, 28.178, 28.4253, 23.8537, 28.3196, 5, 0, 1, 34.1321, 34.1321, 36.0139, 42.107, 40.05, 40.05, 29.4279, 33.541, 27.8927, 19.105, 17.1172, 19.2354, 13, 18.4391, 14.3178, 58.6941, 65, 59.2368],
[32.573, 14.2127, 34.7131, 44.1022, 50.9215, 28.2843, 12.0416, 33.0151, 52.4786, 57.3847, 54.5894, 50.9902, 35.8469, 41.1461, 18.2483, 4.24264, 45.793, 28.0179, 25, 3, 33.0151, 39.0512, 30.0832, 16.7631, 15.1327, 60.9262, 15, 17.2047, 12.0416, 37.6563, 38.0789, 36.3456, 41.0488, 44.4072, 46, 50, 49.0408, 47.7598, 31.4006, 30.5941, 25.1794, 9.05539, 11.7047, 10.7703, 32.249, 30, 32.249, 54.5894, 48.8774, 49.93, 54.626, 57.6975, 54.231, 57.8705, 55.2268, 52.345, 54.4885, 53.9073, 49.0408, 35.2278, 36.6742, 36.6742, 44.2832, 41.6773, 38.4708, 18, 15.2971, 15.2971, 3, 5, 1, 44.4072, 47.4342, 45.1774, 30.0167, 29.5296, 27.2947, 27.8029, 23.3238, 27.6586, 4.24264, 1, 0, 34.0588, 34.2345, 36, 42.19, 40.0125, 40.0125, 28.4429, 32.5576, 26.9258, 18.1108, 16.1245, 18.2483, 12.6491, 18.2483, 13.9284, 57.7754, 64.0781, 58.3095],
[37.6431, 24.0416, 52.0096, 52.2015, 68.6804, 6.32456, 22.2036, 18.3848, 43.566, 52.3927, 58.1378, 32.249, 33.121, 16.2788, 16.0312, 37.0135, 22.561, 27.6586, 55.5428, 31.0644, 3.16228, 6.40312, 49.93, 32.2025, 49, 79.2465, 26.9258, 21.5407, 26.9258, 53.9073, 55.4437, 51.7397, 50.448, 50.4777, 55.6058, 66.4831, 65.7951, 65.9469, 4.24264, 5.65685, 9.05539, 25.1794, 23.7697, 24.7386, 15.2315, 18.868, 15.2315, 46.6905, 41, 40.6079, 49.4773, 50.8035, 49.7293, 60.0083, 60.4152, 57.3062, 35.5106, 33.7343, 29.2746, 30.4138, 35.8469, 35.8469, 18.0278, 19.105, 16, 16.1245, 19.0263, 19.0263, 37.054, 39.0512, 35.0571, 24.0832, 25.4951, 19.9249, 30.6105, 31.241, 30.4138, 57.9741, 54.9181, 57.28, 31.0161, 34.1321, 34.0588, 0, 6, 2.82843, 10, 6.08276, 6.08276, 46.8722, 50, 47.5079, 35.7771, 34.9285, 34.8855, 46.0435, 52.0096, 47.0956, 76.4853, 82.0366, 76.4199],
[42.4382, 26.4197, 55.9017, 57.1402, 72.8354, 10, 22.2036, 24.0416, 49.4975, 58.2495, 63.561, 38.2099, 38.4838, 22.2036, 17.4642, 37.6563, 28.4429, 32.45, 57.2451, 31.257, 3.16228, 5.38516, 53.4135, 35.2278, 49.366, 83.4506, 29.6816, 24.4131, 29.0689, 57.9828, 59.4138, 55.8659, 55.2178, 55.5698, 60.4649, 70.7672, 70.0357, 70.0071, 9.48683, 10.7703, 11.4018, 25.1794, 23, 24, 20.8806, 24.1661, 20.8806, 52.6118, 46.8722, 46.5296, 55.3173, 56.7186, 55.5428, 65.5515, 65.7419, 62.6099, 41.4367, 39.6232, 35.2278, 35.8469, 41.1461, 41.1461, 23.7697, 25.0799, 22, 16.4924, 20.2485, 20.2485, 37.2156, 39.2046, 35.2278, 30.0666, 31.4006, 25.7099, 35.5106, 36.0555, 35, 59.808, 56.3205, 59.2368, 31.7805, 34.1321, 34.2345, 6, 0, 4.47214, 8, 7.81025, 7.81025, 50.448, 53.8145, 50.8035, 38.833, 37.7359, 38.0132, 46.6905, 52.469, 47.8539, 80.6102, 86.3134, 80.6226],
[40.4599, 26.5707, 54.8179, 55, 71.5052, 8.94427, 24.0208, 21.0238, 45.8912, 54.8179, 60.8276, 34.0588, 35.8469, 18.0278, 18.2483, 39.1152, 24.1868, 30.4795, 57.9741, 33, 3.16228, 3.60555, 52.6973, 34.8855, 51.0392, 82.0731, 29.5466, 24.1661, 29.4109, 56.7274, 58.258, 54.5619, 53.2635, 53.2541, 58.4123, 69.3109, 68.6222, 68.7677, 7.07107, 8.48528, 11.4018, 27.0185, 25.318, 26.3059, 17.8885, 21.6333, 17.8885, 49.0306, 43.4166, 42.9535, 51.923, 53.1507, 52.2015, 62.6498, 63.1348, 60.0333, 37.2156, 35.3553, 31.0644, 33.121, 38.5876, 38.5876, 19.4165, 21, 18.1108, 18, 21.2132, 21.2132, 39, 41, 37, 26, 27.1662, 21.3776, 33.4216, 34.0588, 33.2415, 60.4401, 57.2713, 59.7746, 33.1361, 36.0139, 36, 2.82843, 4.47214, 0, 7.2111, 4.12311, 4.12311, 49.6488, 52.8015, 50.2494, 38.4708, 37.5766, 37.5899, 48.1664, 54.0833, 49.2544, 79.3095, 84.8646, 79.2465],
[47.4236, 33.6155, 62.0081, 61.8466, 78.6448, 16.1245, 30.1496, 27.4591, 51.2445, 60.407, 67.2309, 38.2099, 42.4382, 22.561, 25, 45.5412, 28.1603, 37.4833, 64.846, 39.2046, 9.48683, 3.60555, 59.9083, 42.0595, 57.3149, 89.1964, 36.6742, 31.305, 36.4006, 63.8905, 65.437, 61.7171, 60.208, 60, 65.2993, 76.4199, 75.743, 75.9276, 14.2127, 15.6205, 18.3848, 33.1361, 31, 32, 24.4131, 28.4253, 24.4131, 54.4059, 49.0408, 48.3839, 57.5847, 58.5235, 57.9396, 68.884, 69.6419, 66.5733, 41.0488, 39.0128, 35.2278, 39.6611, 45.2217, 45.2217, 23.0868, 25.7099, 23.4094, 24.3311, 27.8927, 27.8927, 45.1774, 47.1699, 43.1856, 30.5941, 31.1448, 25.0799, 40.3609, 41.0366, 40.3113, 67.3573, 64.0312, 66.7308, 39.6232, 42.107, 42.19, 10, 8, 7.2111, 0, 5.38516, 5.38516, 56.8595, 60, 57.4543, 45.6508, 44.7214, 44.7772, 54.5894, 60.407, 55.7315, 86.4523, 91.9674, 86.3713],
[42.4264, 30.0832, 57.4282, 56.7274, 73.8783, 12.3693, 28.0713, 22.2036, 45.8803, 55.0273, 61.9112, 33.0606, 37.2022, 17.2627, 22.0907, 43.0465, 23.0217, 32.5576, 61.6117, 37.0135, 7.28011, 3.16228, 55.5698, 38.0789, 55.0091, 84.386, 32.8938, 27.5136, 32.9848, 59.203, 60.803, 57.0088, 55.1725, 54.8179, 60.208, 71.5891, 70.9366, 71.218, 9.84886, 11.1803, 15.1327, 31.0644, 29.4279, 30.4138, 19.2094, 23.3452, 19.2094, 49.0408, 43.6578, 43.0116, 52.2015, 53.1601, 52.5547, 63.5295, 64.3506, 61.2944, 36, 34.0147, 30.0666, 34.4093, 40, 40, 18, 20.3961, 18.0278, 22.0227, 25.0799, 25.0799, 43.0116, 45.0111, 41.0122, 25.318, 26.0192, 20, 35.3553, 36.0694, 35.4683, 64.0312, 61, 63.3246, 37.054, 40.05, 40.0125, 6.08276, 7.81025, 4.12311, 5.38516, 0, 0, 52.4786, 55.4707, 53.2353, 41.6293, 40.8534, 40.7185, 52.0865, 58.0345, 53.1507, 81.6884, 87.1149, 81.5659],
[42.4264, 30.0832, 57.4282, 56.7274, 73.8783, 12.3693, 28.0713, 22.2036, 45.8803, 55.0273, 61.9112, 33.0606, 37.2022, 17.2627, 22.0907, 43.0465, 23.0217, 32.5576, 61.6117, 37.0135, 7.28011, 3.16228, 55.5698, 38.0789, 55.0091, 84.386, 32.8938, 27.5136, 32.9848, 59.203, 60.803, 57.0088, 55.1725, 54.8179, 60.208, 71.5891, 70.9366, 71.218, 9.84886, 11.1803, 15.1327, 31.0644, 29.4279, 30.4138, 19.2094, 23.3452, 19.2094, 49.0408, 43.6578, 43.0116, 52.2015, 53.1601, 52.5547, 63.5295, 64.3506, 61.2944, 36, 34.0147, 30.0666, 34.4093, 40, 40, 18, 20.3961, 18.0278, 22.0227, 25.0799, 25.0799, 43.0116, 45.0111, 41.0122, 25.318, 26.0192, 20, 35.3553, 36.0694, 35.4683, 64.0312, 61, 63.3246, 37.054, 40.05, 40.0125, 6.08276, 7.81025, 4.12311, 5.38516, 0, 0, 52.4786, 55.4707, 53.2353, 41.6293, 40.8534, 40.7185, 52.0865, 58.0345, 53.1507, 81.6884, 87.1149, 81.5659],
[15.2971, 24.8395, 6.32456, 17.8885, 23.3238, 40.8044, 33.6155, 33.2415, 36.2353, 36.7967, 29.0689, 43.4166, 23.1948, 43.1741, 33.9706, 25.0799, 44.1814, 21.587, 19.8494, 29.1204, 47.8017, 53.2541, 3.16228, 15.6205, 27.8568, 33.8378, 21.2603, 26.1725, 23.0217, 9.21954, 9.84886, 8, 14.7648, 19.4165, 18.6815, 21.9317, 21.0238, 20.2485, 42.72, 41.3401, 39.0512, 32.2025, 35.7771, 35.3412, 35.1141, 30.6757, 35.1141, 36.8917, 33.1059, 34.9285, 34.8281, 38.4187, 34.0588, 32.6497, 28.7924, 26.4008, 45.8912, 46.5296, 43.1045, 25.02, 21.587, 21.587, 45.8912, 41.5933, 40.2616, 36.2353, 32.0156, 32.0156, 28.0713, 28, 28.2843, 41.0488, 44.0114, 45.5412, 20.0998, 19.105, 18.4391, 20.2485, 21.9317, 18.868, 26.2488, 29.4279, 28.4429, 46.8722, 50.448, 49.6488, 56.8595, 52.4786, 52.4786, 0, 4.12311, 2.82843, 12.2066, 13.8924, 12.8062, 25, 28.178, 24.3516, 30.8058, 36.8917, 31.0644],
[16.0312, 28.6007, 2.23607, 15, 19.4165, 44.0454, 37.5899, 35.4683, 35.4683, 35, 26.0768, 44.0454, 24.0208, 45.2217, 37.6431, 29.1548, 45.7056, 23.7697, 22.0227, 33.2415, 51.0882, 56.4004, 3.60555, 19.4165, 31.3209, 30, 25, 29.7321, 26.9258, 5.09902, 5.83095, 4.12311, 12.0416, 16.9706, 15.2315, 17.8885, 17, 16.4012, 45.8039, 44.4072, 42.45, 36.2491, 39.8121, 39.3954, 37.5766, 33.1059, 37.5766, 35.7771, 32.573, 34.4819, 33.2866, 36.8917, 32.45, 29.6816, 25.4951, 23.3238, 46.2709, 47.0956, 44.0114, 26.1725, 22.0227, 22.0227, 47.8017, 43.4166, 42.3792, 40, 35.805, 35.805, 32.1403, 32.0156, 32.3883, 42.4264, 45.2769, 47.2969, 21.8403, 20.8806, 20.6155, 21.9317, 24.4131, 20.5183, 30.3645, 33.541, 32.5576, 50, 53.8145, 52.8015, 60, 55.4707, 55.4707, 4.12311, 0, 6.08276, 16.1245, 17.8885, 16.6433, 28.6356, 31.3847, 27.8927, 27.0185, 33.0151, 27.2029],
[17.72, 24.7588, 8, 20.5913, 24.1661, 41.3401, 33.0151, 34.7131, 38.9487, 39.6232, 31.7648, 45.7056, 25.4951, 44.7214, 33.9706, 23.3452, 46.0435, 23.1948, 17.0294, 27.8568, 48.2597, 53.8516, 3.16228, 15.6205, 25.2982, 34.4819, 21.2603, 26.4008, 22.6716, 11, 11.1803, 10.198, 17.4929, 22.2036, 21.1896, 23.0868, 22.1359, 21.0238, 43.4166, 42.0595, 39.4081, 31.3847, 34.9857, 34.4819, 36.4006, 32.0156, 36.4006, 39.6611, 35.7771, 37.5766, 37.6431, 41.2311, 36.8782, 35.3553, 31.3847, 29.0689, 48.2701, 48.8365, 45.2769, 27.1662, 24.0416, 24.0416, 47.5184, 43.2897, 41.7732, 36.0694, 31.8277, 31.8277, 26.3059, 26.0768, 26.6833, 43, 46.0109, 47.2652, 22, 21, 20.0998, 17.4929, 19.105, 16.1245, 25.0799, 27.8927, 26.9258, 47.5079, 50.8035, 50.2494, 57.4543, 53.2353, 53.2353, 2.82843, 6.08276, 0, 12.0416, 13.4536, 12.8062, 22.561, 25.4951, 21.8403, 31.3847, 37.5899, 31.7648],
[15.2643, 12.7279, 18.3576, 26.0192, 35.5106, 29.5296, 21.4709, 25.02, 36.7967, 40.3113, 36.4966, 39.3954, 20.6155, 35, 21.9317, 15.8114, 37.4833, 14.8661, 22.2036, 18.0278, 36.3593, 42.0595, 14.8661, 3.60555, 23.3452, 46.0435, 9.21954, 14.4222, 10.8167, 21.0238, 21.9545, 19.3132, 23, 26.3059, 28.0713, 34, 33.121, 32.45, 31.7805, 30.4631, 27.4591, 20.2485, 23.7697, 23.4094, 26.0768, 22, 26.0768, 38.4187, 33.2415, 34.6554, 37.7359, 41.0488, 37.2156, 39.8121, 37.1214, 34.2345, 42.4853, 42.5441, 38.2753, 21.095, 20.5183, 20.5183, 38.0132, 34.1321, 32, 24.0832, 19.8494, 19.8494, 18.6815, 19.3132, 18.2483, 34.9285, 38.0789, 38.1182, 15.2643, 14.4222, 12.53, 24.0208, 22.8035, 23, 15.0333, 19.105, 18.1108, 35.7771, 38.833, 38.4708, 45.6508, 41.6293, 41.6293, 12.2066, 16.1245, 12.0416, 0, 2, 1, 19.799, 25, 19.8494, 43.0116, 49.0918, 43.2666],
[17, 11.4018, 20.1246, 28.0179, 37.2156, 28.6356, 19.7231, 25.1794, 38.2884, 42.0595, 38.4708, 40.2492, 21.9317, 35.0571, 20.6155, 13.9284, 37.855, 15.6525, 22.0227, 16.0312, 35.3553, 41.1461, 16.4012, 3, 22.0227, 47.7074, 8.06226, 13.4164, 9.21954, 22.8473, 23.7065, 21.1896, 25, 28.2843, 30.0666, 35.7771, 34.8855, 34.1321, 31.0161, 29.7321, 26.4197, 18.3848, 21.9317, 21.5407, 26, 22.0907, 26, 40, 34.7131, 36.0694, 39.4462, 42.72, 38.9487, 41.7732, 39.1152, 36.2215, 43.4166, 43.382, 39, 22.2036, 22.0227, 22.0227, 38.1182, 34.3657, 32.0624, 22.6274, 18.3848, 18.3848, 16.7631, 17.4642, 16.2788, 35.4401, 38.6005, 38.3275, 16.4012, 15.6205, 13.6015, 24.0208, 22.3607, 23.0868, 13.0384, 17.1172, 16.1245, 34.9285, 37.7359, 37.5766, 44.7214, 40.8534, 40.8534, 13.8924, 17.8885, 13.4536, 2, 0, 2.23607, 18.4391, 23.8537, 18.6011, 44.6542, 50.774, 44.9444],
[14.7648, 12.0416, 18.868, 26, 36.0555, 28.6531, 21.0238, 24.0208, 36.1248, 39.8246, 36.3456, 38.4838, 19.8494, 34, 21.2132, 16.1555, 36.4966, 13.9284, 23.1948, 18, 35.5106, 41.1825, 15.5563, 2.82843, 24.0832, 46.6154, 8.48528, 13.6015, 10.2956, 21.4709, 22.4722, 19.6977, 23.0217, 26.1725, 28.1603, 34.4819, 33.6155, 33.0151, 30.8707, 29.5466, 26.6271, 19.9249, 23.4094, 23.0868, 25.0799, 21, 25.0799, 37.8021, 32.5576, 33.9411, 37.2156, 40.4969, 36.7151, 39.6232, 37.054, 34.1321, 41.5933, 41.6293, 37.3363, 20.2485, 19.8494, 19.8494, 37.0135, 33.1361, 31, 23.4307, 19.2094, 19.2094, 18.9737, 19.6977, 18.4391, 33.9559, 37.108, 37.1214, 14.4222, 13.6015, 11.6619, 25.02, 23.7697, 24, 15, 19.2354, 18.2483, 34.8855, 38.0132, 37.5899, 44.7772, 40.7185, 40.7185, 12.8062, 16.6433, 12.8062, 1, 2.23607, 0, 20.5183, 25.807, 20.6155, 43.6005, 49.6488, 43.8292],
[34.8281, 23.5372, 30.4138, 42.72, 44.2832, 40, 24.5153, 41.7852, 56.5862, 59.6406, 53.8516, 58.3095, 40.3609, 50.9608, 30.0167, 9.05539, 54.7814, 33.8378, 13.6015, 15.5242, 45.2769, 51.3517, 25.318, 20.8087, 3.60555, 53.3667, 22.4722, 26.6833, 20.6155, 33.3766, 33.1361, 32.7567, 39.5601, 43.8634, 43.6807, 44.0454, 43.0465, 41.1947, 43.0116, 42.0476, 37.0135, 21.587, 24.3516, 23.4094, 41.7612, 38.6264, 41.7612, 58.1378, 53.0377, 54.4518, 57.2014, 60.6053, 56.6127, 57.3847, 53.7587, 51.264, 61.5873, 61.4003, 56.8243, 40.6079, 40.3113, 40.3113, 54.1202, 50.9215, 48.0833, 30.2655, 27.0185, 27.0185, 9.84886, 8.06226, 11.7047, 52.8015, 55.9464, 54.7083, 34.8281, 34.0588, 32.0156, 16.4012, 11.3137, 16.6433, 15.0333, 13, 12.6491, 46.0435, 46.6905, 48.1664, 54.5894, 52.0865, 52.0865, 25, 28.6356, 22.561, 19.799, 18.4391, 20.5183, 0, 6.08276, 1.41421, 50.2195, 56.5155, 50.9902],
[39.598, 29.6142, 32.8938, 46.0652, 45.0111, 46.0109, 30.2655, 47.7598, 61.5549, 64.0312, 57.2451, 64.0078, 45.607, 57.0088, 36, 15, 60.7454, 39.4462, 12.1655, 21.2132, 51.1566, 57.2189, 27.8568, 26.4197, 3.16228, 53.3385, 28.4605, 32.7567, 26.6833, 35.7351, 35.171, 35.4683, 42.9418, 47.5079, 46.6154, 45.1774, 44.1814, 42.0476, 49.0408, 48.0937, 43, 27.2947, 29.8329, 28.8617, 47.8017, 44.5982, 47.8017, 62.9365, 58.0517, 59.5483, 61.7171, 65.192, 61.0737, 60.8276, 56.8595, 54.5619, 67.2309, 67.1193, 62.6099, 46.0435, 45.3431, 45.3431, 60.1664, 56.921, 54.1202, 36.1248, 33, 33, 15.2971, 13.3417, 17.2627, 58.6941, 61.8466, 60.7289, 40.2244, 39.4081, 37.4433, 14.5602, 9.21954, 15.2971, 21, 18.4391, 18.2483, 52.0096, 52.469, 54.0833, 60.407, 58.0345, 58.0345, 28.178, 31.3847, 25.4951, 25, 23.8537, 25.807, 6.08276, 0, 5.38516, 50.2494, 56.4358, 51.1566],
[34.7131, 24.3311, 29.6142, 42.1545, 43.1856, 41.0122, 25.7099, 42.3792, 56.5685, 59.4054, 53.3104, 58.6686, 40.4599, 51.6624, 31.0644, 10.198, 55.3624, 34.1321, 12.2066, 16.7631, 46.3897, 52.469, 24.5153, 21.095, 3.60555, 52.1728, 23.0868, 27.4591, 21.3776, 32.5576, 32.249, 32.0156, 39, 43.382, 43.0116, 43.0116, 42.0119, 40.1123, 44, 43.0116, 38.0526, 22.8035, 25.632, 24.6982, 42.45, 39.2173, 42.45, 58.0517, 53.0377, 54.4885, 57.0088, 60.4401, 56.4004, 56.8595, 53.1413, 50.6952, 61.9112, 61.7738, 57.2451, 40.8044, 40.3113, 40.3113, 54.8179, 51.5461, 48.7647, 31.4006, 28.0713, 28.0713, 11.1803, 9.43398, 13, 53.3104, 56.4624, 55.3624, 35, 34.2053, 32.2025, 15, 9.8995, 15.2643, 16.1245, 14.3178, 13.9284, 47.0956, 47.8539, 49.2544, 55.7315, 53.1507, 53.1507, 24.3516, 27.8927, 21.8403, 19.8494, 18.6011, 20.6155, 1.41421, 5.38516, 0, 49.0306, 55.3173, 49.8197],
[39.6611, 55.6058, 24.8395, 27.5136, 7.81025, 70.7248, 64.3506, 60.4649, 50.636, 45, 31.0161, 63.8905, 46.5296, 69.4622, 64.6607, 53.8516, 68.4471, 49.2037, 38.1182, 59.0339, 77.7946, 82.8794, 28.3019, 46.4004, 51.6236, 3.16228, 52.0096, 56.7274, 53.8238, 22.6274, 21.2603, 24.7588, 27.7308, 30.3645, 24.0416, 10.2956, 10.8167, 10.6301, 72.2496, 70.8378, 69.3109, 62.7694, 66.3702, 65.8635, 63.0079, 58.6003, 63.0079, 49.2544, 49.2443, 51.1957, 45.0999, 48.0104, 44.1022, 33.2415, 28.0713, 29.0172, 65, 66.4831, 64.846, 49.2443, 43.8292, 43.8292, 71.5891, 67.1193, 66.888, 67.0075, 62.8013, 62.8013, 56.648, 55.9732, 57.3847, 64.8845, 67.2309, 70.6612, 46.6154, 45.8039, 46.2277, 36.0139, 41.1096, 35.0571, 56.356, 58.6941, 57.7754, 76.4853, 80.6102, 79.3095, 86.4523, 81.6884, 81.6884, 30.8058, 27.0185, 31.3847, 43.0116, 44.6542, 43.6005, 50.2195, 50.2494, 49.0306, 0, 6.32456, 1.41421],
[44.8219, 61.6117, 30.8058, 31.7648, 13.6015, 76.3806, 70.4911, 65.6049, 53.8516, 47.3814, 33.3766, 67.7791, 51.3128, 74.3303, 70.6045, 60.1664, 72.9452, 54.5619, 44.2832, 65.307, 83.4506, 88.4138, 34.4819, 52.4309, 57.8705, 3.16228, 58.0086, 62.6259, 59.9083, 28.4253, 27.2029, 30.4795, 32.45, 34.4384, 28.178, 15.5563, 16.2788, 16.6433, 77.7946, 76.3806, 75.0733, 68.9638, 72.5603, 72.0694, 68.2495, 63.8905, 68.2495, 52.1728, 52.811, 54.7083, 47.8539, 50.4876, 46.8722, 35.0571, 30.2655, 31.7805, 68.6222, 70.2282, 68.942, 54.0833, 48.5489, 48.5489, 76.3217, 71.8679, 71.8471, 73.0069, 68.8186, 68.8186, 62.9682, 62.2977, 63.6946, 69.3542, 71.5542, 75.2928, 51.8556, 51.0882, 51.6624, 42.107, 47.2652, 41.1947, 62.6099, 65, 64.0781, 82.0366, 86.3134, 84.8646, 91.9674, 87.1149, 87.1149, 36.8917, 33.0151, 37.5899, 49.0918, 50.774, 49.6488, 56.5155, 56.4358, 55.3173, 6.32456, 0, 5.83095],
[39.4081, 55.8032, 25, 26.9258, 7.81025, 70.7107, 64.6607, 60.2163, 49.8197, 44.0114, 30, 63.2456, 46.1411, 69.1158, 64.8151, 54.4243, 67.9779, 49.0408, 39.0512, 59.5063, 77.7817, 82.807, 28.6531, 46.6154, 52.469, 2.82843, 52.2015, 56.8507, 54.0833, 22.6716, 21.4009, 24.7588, 27.2947, 29.7321, 23.4094, 10, 10.6301, 10.8167, 72.1803, 70.7672, 69.3542, 63.1348, 66.7308, 66.242, 62.8013, 58.4123, 62.8013, 48.3735, 48.5077, 50.448, 44.1814, 47.0425, 43.1856, 32.1403, 27.0185, 28.0713, 64.2884, 65.8027, 64.2573, 48.8774, 43.4166, 43.4166, 71.1969, 66.7308, 66.5733, 67.2012, 63.0079, 63.0079, 57.2451, 56.6127, 57.9396, 64.405, 66.7083, 70.2353, 46.4004, 45.607, 46.0977, 37, 42.0476, 36.0139, 56.7979, 59.2368, 58.3095, 76.4199, 80.6226, 79.2465, 86.3713, 81.5659, 81.5659, 31.0644, 27.2029, 31.7648, 43.2666, 44.9444, 43.8292, 50.9902, 51.1566, 49.8197, 1.41421, 5.83095, 0]];

float o=2;

int P[A][S]=
[[1,0,0,0,0,0,0,0,0,0,0,0,0,0,0,0,0,0,0,0,0,0,0,0,0,1,1,1,0,0,0,0,0,0,0,0,0,0,0,0,0,0,0,0,0,0,0,0,0,0,0,0,0,0,0,0,0,0,0,0,0,0,0,0,0,0,0,0,0,0,0,0,0,0,0,0,0,0,0,0,0,0,0,0,0,0,0,0,0,0,0,0,0,0,0,0,0,0,0,0],
[0,1,0,0,0,0,0,0,0,0,0,0,0,0,0,0,0,0,0,0,0,0,0,0,0,0,0,0,1,1,1,0,0,0,0,0,0,0,0,0,0,0,0,0,0,0,0,0,0,0,0,0,0,0,0,0,0,0,0,0,0,0,0,0,0,0,0,0,0,0,0,0,0,0,0,0,0,0,0,0,0,0,0,0,0,0,0,0,0,0,0,0,0,0,0,0,0,0,0,0],
[0,0,1,0,0,0,0,0,0,0,0,0,0,0,0,0,0,0,0,0,0,0,0,0,0,0,0,0,0,0,0,1,1,1,0,0,0,0,0,0,0,0,0,0,0,0,0,0,0,0,0,0,0,0,0,0,0,0,0,0,0,0,0,0,0,0,0,0,0,0,0,0,0,0,0,0,0,0,0,0,0,0,0,0,0,0,0,0,0,0,0,0,0,0,0,0,0,0,0,0],
[0,0,0,1,0,0,0,0,0,0,0,0,0,0,0,0,0,0,0,0,0,0,0,0,0,0,0,0,0,0,0,0,0,0,1,1,1,0,0,0,0,0,0,0,0,0,0,0,0,0,0,0,0,0,0,0,0,0,0,0,0,0,0,0,0,0,0,0,0,0,0,0,0,0,0,0,0,0,0,0,0,0,0,0,0,0,0,0,0,0,0,0,0,0,0,0,0,0,0,0],
[0,0,0,0,1,0,0,0,0,0,0,0,0,0,0,0,0,0,0,0,0,0,0,0,0,0,0,0,0,0,0,0,0,0,0,0,0,1,1,1,0,0,0,0,0,0,0,0,0,0,0,0,0,0,0,0,0,0,0,0,0,0,0,0,0,0,0,0,0,0,0,0,0,0,0,0,0,0,0,0,0,0,0,0,0,0,0,0,0,0,0,0,0,0,0,0,0,0,0,0],
[0,0,0,0,0,1,0,0,0,0,0,0,0,0,0,0,0,0,0,0,0,0,0,0,0,0,0,0,0,0,0,0,0,0,0,0,0,0,0,0,1,1,1,0,0,0,0,0,0,0,0,0,0,0,0,0,0,0,0,0,0,0,0,0,0,0,0,0,0,0,0,0,0,0,0,0,0,0,0,0,0,0,0,0,0,0,0,0,0,0,0,0,0,0,0,0,0,0,0,0],
[0,0,0,0,0,0,1,0,0,0,0,0,0,0,0,0,0,0,0,0,0,0,0,0,0,0,0,0,0,0,0,0,0,0,0,0,0,0,0,0,0,0,0,1,1,1,0,0,0,0,0,0,0,0,0,0,0,0,0,0,0,0,0,0,0,0,0,0,0,0,0,0,0,0,0,0,0,0,0,0,0,0,0,0,0,0,0,0,0,0,0,0,0,0,0,0,0,0,0,0],
[0,0,0,0,0,0,0,1,0,0,0,0,0,0,0,0,0,0,0,0,0,0,0,0,0,0,0,0,0,0,0,0,0,0,0,0,0,0,0,0,0,0,0,0,0,0,1,1,1,0,0,0,0,0,0,0,0,0,0,0,0,0,0,0,0,0,0,0,0,0,0,0,0,0,0,0,0,0,0,0,0,0,0,0,0,0,0,0,0,0,0,0,0,0,0,0,0,0,0,0],
[0,0,0,0,0,0,0,0,1,0,0,0,0,0,0,0,0,0,0,0,0,0,0,0,0,0,0,0,0,0,0,0,0,0,0,0,0,0,0,0,0,0,0,0,0,0,0,0,0,1,1,1,0,0,0,0,0,0,0,0,0,0,0,0,0,0,0,0,0,0,0,0,0,0,0,0,0,0,0,0,0,0,0,0,0,0,0,0,0,0,0,0,0,0,0,0,0,0,0,0],
[0,0,0,0,0,0,0,0,0,1,0,0,0,0,0,0,0,0,0,0,0,0,0,0,0,0,0,0,0,0,0,0,0,0,0,0,0,0,0,0,0,0,0,0,0,0,0,0,0,0,0,0,1,1,1,0,0,0,0,0,0,0,0,0,0,0,0,0,0,0,0,0,0,0,0,0,0,0,0,0,0,0,0,0,0,0,0,0,0,0,0,0,0,0,0,0,0,0,0,0],
[0,0,0,0,0,0,0,0,0,0,1,0,0,0,0,0,0,0,0,0,0,0,0,0,0,0,0,0,0,0,0,0,0,0,0,0,0,0,0,0,0,0,0,0,0,0,0,0,0,0,0,0,0,0,0,1,1,1,0,0,0,0,0,0,0,0,0,0,0,0,0,0,0,0,0,0,0,0,0,0,0,0,0,0,0,0,0,0,0,0,0,0,0,0,0,0,0,0,0,0],
[0,0,0,0,0,0,0,0,0,0,0,1,0,0,0,0,0,0,0,0,0,0,0,0,0,0,0,0,0,0,0,0,0,0,0,0,0,0,0,0,0,0,0,0,0,0,0,0,0,0,0,0,0,0,0,0,0,0,1,1,1,0,0,0,0,0,0,0,0,0,0,0,0,0,0,0,0,0,0,0,0,0,0,0,0,0,0,0,0,0,0,0,0,0,0,0,0,0,0,0],
[0,0,0,0,0,0,0,0,0,0,0,0,1,0,0,0,0,0,0,0,0,0,0,0,0,0,0,0,0,0,0,0,0,0,0,0,0,0,0,0,0,0,0,0,0,0,0,0,0,0,0,0,0,0,0,0,0,0,0,0,0,1,1,1,0,0,0,0,0,0,0,0,0,0,0,0,0,0,0,0,0,0,0,0,0,0,0,0,0,0,0,0,0,0,0,0,0,0,0,0],
[0,0,0,0,0,0,0,0,0,0,0,0,0,1,0,0,0,0,0,0,0,0,0,0,0,0,0,0,0,0,0,0,0,0,0,0,0,0,0,0,0,0,0,0,0,0,0,0,0,0,0,0,0,0,0,0,0,0,0,0,0,0,0,0,1,1,1,0,0,0,0,0,0,0,0,0,0,0,0,0,0,0,0,0,0,0,0,0,0,0,0,0,0,0,0,0,0,0,0,0],
[0,0,0,0,0,0,0,0,0,0,0,0,0,0,1,0,0,0,0,0,0,0,0,0,0,0,0,0,0,0,0,0,0,0,0,0,0,0,0,0,0,0,0,0,0,0,0,0,0,0,0,0,0,0,0,0,0,0,0,0,0,0,0,0,0,0,0,1,1,1,0,0,0,0,0,0,0,0,0,0,0,0,0,0,0,0,0,0,0,0,0,0,0,0,0,0,0,0,0,0],
[0,0,0,0,0,0,0,0,0,0,0,0,0,0,0,1,0,0,0,0,0,0,0,0,0,0,0,0,0,0,0,0,0,0,0,0,0,0,0,0,0,0,0,0,0,0,0,0,0,0,0,0,0,0,0,0,0,0,0,0,0,0,0,0,0,0,0,0,0,0,1,1,1,0,0,0,0,0,0,0,0,0,0,0,0,0,0,0,0,0,0,0,0,0,0,0,0,0,0,0],
[0,0,0,0,0,0,0,0,0,0,0,0,0,0,0,0,1,0,0,0,0,0,0,0,0,0,0,0,0,0,0,0,0,0,0,0,0,0,0,0,0,0,0,0,0,0,0,0,0,0,0,0,0,0,0,0,0,0,0,0,0,0,0,0,0,0,0,0,0,0,0,0,0,1,1,1,0,0,0,0,0,0,0,0,0,0,0,0,0,0,0,0,0,0,0,0,0,0,0,0],
[0,0,0,0,0,0,0,0,0,0,0,0,0,0,0,0,0,1,0,0,0,0,0,0,0,0,0,0,0,0,0,0,0,0,0,0,0,0,0,0,0,0,0,0,0,0,0,0,0,0,0,0,0,0,0,0,0,0,0,0,0,0,0,0,0,0,0,0,0,0,0,0,0,0,0,0,1,1,1,0,0,0,0,0,0,0,0,0,0,0,0,0,0,0,0,0,0,0,0,0],
[0,0,0,0,0,0,0,0,0,0,0,0,0,0,0,0,0,0,1,0,0,0,0,0,0,0,0,0,0,0,0,0,0,0,0,0,0,0,0,0,0,0,0,0,0,0,0,0,0,0,0,0,0,0,0,0,0,0,0,0,0,0,0,0,0,0,0,0,0,0,0,0,0,0,0,0,0,0,0,1,1,1,0,0,0,0,0,0,0,0,0,0,0,0,0,0,0,0,0,0],
[0,0,0,0,0,0,0,0,0,0,0,0,0,0,0,0,0,0,0,1,0,0,0,0,0,0,0,0,0,0,0,0,0,0,0,0,0,0,0,0,0,0,0,0,0,0,0,0,0,0,0,0,0,0,0,0,0,0,0,0,0,0,0,0,0,0,0,0,0,0,0,0,0,0,0,0,0,0,0,0,0,0,1,1,1,0,0,0,0,0,0,0,0,0,0,0,0,0,0,0],
[0,0,0,0,0,0,0,0,0,0,0,0,0,0,0,0,0,0,0,0,1,0,0,0,0,0,0,0,0,0,0,0,0,0,0,0,0,0,0,0,0,0,0,0,0,0,0,0,0,0,0,0,0,0,0,0,0,0,0,0,0,0,0,0,0,0,0,0,0,0,0,0,0,0,0,0,0,0,0,0,0,0,0,0,0,1,1,1,0,0,0,0,0,0,0,0,0,0,0,0],
[0,0,0,0,0,0,0,0,0,0,0,0,0,0,0,0,0,0,0,0,0,1,0,0,0,0,0,0,0,0,0,0,0,0,0,0,0,0,0,0,0,0,0,0,0,0,0,0,0,0,0,0,0,0,0,0,0,0,0,0,0,0,0,0,0,0,0,0,0,0,0,0,0,0,0,0,0,0,0,0,0,0,0,0,0,0,0,0,1,1,1,0,0,0,0,0,0,0,0,0],
[0,0,0,0,0,0,0,0,0,0,0,0,0,0,0,0,0,0,0,0,0,0,1,0,0,0,0,0,0,0,0,0,0,0,0,0,0,0,0,0,0,0,0,0,0,0,0,0,0,0,0,0,0,0,0,0,0,0,0,0,0,0,0,0,0,0,0,0,0,0,0,0,0,0,0,0,0,0,0,0,0,0,0,0,0,0,0,0,0,0,0,1,1,1,0,0,0,0,0,0],
[0,0,0,0,0,0,0,0,0,0,0,0,0,0,0,0,0,0,0,0,0,0,0,1,0,0,0,0,0,0,0,0,0,0,0,0,0,0,0,0,0,0,0,0,0,0,0,0,0,0,0,0,0,0,0,0,0,0,0,0,0,0,0,0,0,0,0,0,0,0,0,0,0,0,0,0,0,0,0,0,0,0,0,0,0,0,0,0,0,0,0,0,0,0,1,1,1,0,0,0],
[0,0,0,0,0,0,0,0,0,0,0,0,0,0,0,0,0,0,0,0,0,0,0,0,1,0,0,0,0,0,0,0,0,0,0,0,0,0,0,0,0,0,0,0,0,0,0,0,0,0,0,0,0,0,0,0,0,0,0,0,0,0,0,0,0,0,0,0,0,0,0,0,0,0,0,0,0,0,0,0,0,0,0,0,0,0,0,0,0,0,0,0,0,0,0,0,0,1,1,1]];


int F[K]=[0,0,0,0]; // Fixed cost of openning a route
int Q[K]=[45000,45000,45000,45000]; // Capacity of the vehicle K
int d[S]=[1512,3570,2079,8352,7293,4158,4442,16545,3276,2244,3144,1260,12510,11096,3906,7560,8891,9185,11142,6240,4284,5236,9478,4780,10482,1512,1512,1512,3570,3570,3570,2079,2079,2079,8352,8352,8352,7293,7293,7293,4158,4158,4158,4442,4442,4442,16545,16545,16545,3276,3276,3276,2244,2244,2244,3144,3144,3144,1260,1260,1260,12510,12510,12510,11096,11096,11096,3906,3906,3906,7560,7560,7560,8891,8891,8891,9185,9185,9185,11142,11142,11142,6240,6240,6240,4284,4284,4284,5236,5236,5236,9478,9478,9478,4780,4780,4780,10482,10482,10482];
//float r[M]=[0.0065359477124183, 0.0130718954248366, 0.0196078431372549, 0.0261437908496732, 0.0326797385620915, 0.0392156862745098, 0.0457516339869281, 0.0522875816993464, 0.0588235294117647, 0.065359477124183, 0.0718954248366013, 0.0784313725490196, 0.0849673202614379, 0.0915032679738562, 0.0980392156862745, 0.104575163398693, 0.111111111111111, 0.117647058823529, 0.124183006535948, 0.130718954248366, 0.137254901960784, 0.143790849673203, 0.150326797385621, 0.156862745098039, 0.163398692810458, 0.169934640522876, 0.176470588235294, 0.183006535947712, 0.189542483660131, 0.196078431372549, 0.202614379084967, 0.209150326797386, 0.215686274509804, 0.222222222222222, 0.22875816993464, 0.235294117647059, 0.241830065359477, 0.248366013071895, 0.254901960784314, 0.261437908496732, 0.26797385620915, 0.274509803921569, 0.281045751633987, 0.287581699346405, 0.294117647058823, 0.300653594771242, 0.30718954248366, 0.313725490196078, 0.320261437908497, 0.326797385620915, 0.333333333333333, 0.339869281045752, 0.34640522875817, 0.352941176470588, 0.359477124183006, 0.366013071895425, 0.372549019607843, 0.379084967320261, 0.38562091503268, 0.392156862745098, 0.398692810457516, 0.405228758169935, 0.411764705882353, 0.418300653594771, 0.42483660130719, 0.431372549019608, 0.437908496732026, 0.444444444444444, 0.450980392156863, 0.457516339869281, 0.464052287581699, 0.470588235294118, 0.477124183006536, 0.483660130718954, 0.490196078431373, 0.496732026143791, 0.503267973856209, 0.509803921568627, 0.516339869281046, 0.522875816993464, 0.529411764705882, 0.535947712418301, 0.542483660130719, 0.549019607843137, 0.555555555555556, 0.562091503267974, 0.568627450980392, 0.57516339869281, 0.581699346405229, 0.588235294117647, 0.594771241830065, 0.601307189542484, 0.607843137254902, 0.61437908496732, 0.620915032679739, 0.627450980392157, 0.633986928104575, 0.640522875816993, 0.647058823529412, 0.65359477124183, 0.660130718954248, 0.666666666666667, 0.673202614379085, 0.679738562091503, 0.686274509803922, 0.69281045751634, 0.699346405228758, 0.705882352941176, 0.712418300653595, 0.718954248366013, 0.725490196078431, 0.73202614379085, 0.738562091503268, 0.745098039215686, 0.751633986928105, 0.758169934640523, 0.764705882352941, 0.77124183006536, 0.777777777777778, 0.784313725490196, 0.790849673202614, 0.797385620915033, 0.803921568627451, 0.810457516339869, 0.816993464052288, 0.823529411764706, 0.830065359477124, 0.836601307189543, 0.843137254901961, 0.849673202614379, 0.856209150326797, 0.862745098039216, 0.869281045751634, 0.875816993464052, 0.882352941176471, 0.888888888888889, 0.895424836601307, 0.901960784313726, 0.908496732026144, 0.915032679738562, 0.92156862745098, 0.928104575163399, 0.934640522875817, 0.941176470588235, 0.947712418300653, 0.954248366013072, 0.96078431372549, 0.967320261437908, 0.973856209150327, 0.980392156862745, 0.986928104575163, 0.993464052287582, 1]; // Relative size of configuration m on vehicle k


/***Varieables***/
dvar boolean x[V][V][K]; // if k goes from i to j
dvar boolean y[A][S]; // if j is relocated from i to j
//dvar boolean u[S][K][M]; // if size m is selected for customer j in vehicle k
dvar boolean z[K][S]; // if the demand of customer j is recolected by k
dvar boolean b[D][S]; // if customer j is assigned to depot i
dvar float kapa[V][K]; // demand recolected in point i

/***Objective function***/
minimize sum(i in A, j in S: i!=j)y[i][j]*o + sum(i in V, j in V, k in K)x[i][j][k]*c[i][j] + sum(i in D, j in S, k in K)F[k]*x[i][j][k];

/***Constraints***/
subject to{

// A customer can only be relocated to a permited position
forall(i in A, j in S)
  y[i][j]<=P[i][j];

// A customer can only be relocated once
forall(i in A)
  sum(j in S)y[i][j]==1;

// A position can only be picked once 
/*forall(j in S)
  sum(i in A)y[i][j]==1;*/

// The vehicle can only move to selected positions
forall(j in S)
  sum(i in V: i!=j,k in K)x[i][j][k]==sum(i in A)y[i][j];

// The vehicle must start his route in a depot  
forall(k in K)
  sum(i in D, j in S)x[i][j][k]==1;

// The vehicle must end his route in a depot  
forall(k in K)
  sum(i in D, j in S)x[j][i][k]==1;

// This constraint links the vehicle route to his depot  
forall(i in D, j in S, k in K)
  sum(u in S)x[i][u][k]+sum(u in V: u!=i)x[u][j][k]<=1+b[i][j];
  
// Continous flow in routing  
forall(i in V, k in K)
  sum(j in V)x[i][j][k]-sum(j in V)x[j][i][k]==0;

// The number of selected compartments cant exceed the number max of compartments
/*
forall(k in K)
  sum(j in S, m in M)u[j][k][m]<=maxCompartments;*/
  
// If a vehicle visite a node, it must pick his demand
forall(j in S, k in K)
  sum(i in V)x[i][j][k]==z[k][j];

// The demand assigned to each vehicle cant exceed his capacity 
/* 
forall(k in K)
  sum(j in S)d[j]*z[k][j]<=Q[k]*sum(m in M, j in S)r[m]*u[j][k][m];
  
// The demand assigned to each vehicle (per customer) cant exceed his capacity 
forall(k in K, j in S)
  d[j]*z[k][j]<=Q[k]*sum(m in M)r[m]*u[j][k][m];*/
  
// The demand assigned to each vehicle cant exceed his capacity  
forall(k in K)
  sum(j in S)d[j]*z[k][j]<=Q[k];
  
// The demand assigned to each vehicle (per customer) cant exceed his capacity 
forall(k in K, j in S)
  d[j]*z[k][j]<=Q[k];

// The configuration of compartments in the vehicle must be the whole vehcile capacity
/*
forall(j in S)
  sum(m in M, k in K)u[j][k][m]==sum(i in A)y[i][j];
  
forall(k in K)
  sum(m in M, j in S)u[j][k][m]*r[m]==1; */

//MTZ
 
forall(i,j in S: i!=j, k in K)
  kapa[i][k]-kapa[j][k]+Q[k]*x[i][j][k]<=Q[k]-d[j];
  
forall(i,j in S, k in K)
  d[i]+d[j]<=Q[k];
  
forall(i in S, k in K)
  d[i]<=kapa[i][k]<=Q[k];   
}








