/*********************************************
 * OPL 12.8.0.0 Model
 * Author: sebashc
 * Creation Date: 18/05/2018 at 4:11:38 p. m.
 *********************************************/
 execute
{
cplex.tilim=3600;
cplex.epgap=0.01;
} 
 
/***Constants***/
int depots=1; // Number of depots
int positions=88; // Number of current positions + (current positions + posibles positions)
int currentPositions=22; // Current positions
int vehicles=3; // Number of vehicles
//int maxCompartments=153; // Number of max compartments of the vehicle

/***Sets***/
range D=1..depots; // Set of depots
range V=1..depots+positions; // Set of vertices
range S=depots+1..depots+positions; // Set of current positions + posibles positions
range A=depots+1..depots+currentPositions; // Set of current positions
range K=1..vehicles; // Set of vehicles
//range M=1..maxCompartments; // Set of posibles configurations of compartments

/***Parametres***/
float c[V][V]=
[[0, 47.0106, 41.8808, 49.7393, 62.6259, 64.4438, 35.7771, 27.7849, 45, 37.1214, 33.5261, 22.0227, 7.07107, 30.8058, 49.0408, 65.2533, 54.7083, 63.9531, 22.0227, 43.9318, 50.2494, 60.7289, 80.7217, 48.8262, 50.6063, 49.679, 38.833, 44.6542, 39.4081, 47.7074, 51.8845, 51.3128, 60.803, 63.7809, 63.8201, 60.959, 65.7647, 65.437, 32.2025, 32.6497, 34.9857, 24.5967, 25.807, 29.9666, 42.0119, 47.4342, 41.6173, 40.2492, 34.4819, 36.8917, 37, 36.4006, 30.6757, 24.0832, 21.3776, 18.0278, 9.48683, 9.48683, 4, 32.573, 33.5261, 28.4605, 48.2597, 52.0865, 47.2652, 65.146, 61.8466, 66.4906, 57.0088, 55.7136, 53.8516, 61.3922, 67.082, 63.5059, 22.3607, 24.3311, 25.02, 46.6905, 44.643, 41.5933, 48.2701, 46.7547, 50.2096, 59.4643, 63.3246, 58.9406, 77.8332, 77.1557, 80.9197],
[47.0106, 0, 15.2315, 18.4391, 78.0256, 77.2334, 13.9284, 57.7754, 65.7647, 46.1736, 39.3192, 33.541, 41.0366, 36.6742, 43.8292, 39.4462, 30.4795, 58.8218, 65.307, 82.4621, 71.4493, 102.927, 96.1353, 3.16228, 3.60555, 3.16228, 15.2971, 14.4222, 14.3178, 15.5563, 21.4009, 16.6433, 78.0064, 77.1622, 81, 75.06, 76.531, 80.0999, 17, 16.1245, 13.0384, 57.2451, 54.626, 60.9262, 62.9682, 68.7314, 64.3273, 47.0106, 46.5296, 49.366, 41.0488, 39.0512, 39.8121, 29.9666, 36.6742, 35.5106, 38.2099, 38.2099, 43.9318, 39.4588, 39.3192, 39.2938, 46.0977, 46.1411, 45.6946, 37.1214, 38.0132, 42.72, 34.0588, 28.6007, 27.0185, 58.8303, 61.4003, 56.4004, 64.0781, 65.9242, 68.0294, 85.6154, 81.7863, 81.0432, 68.469, 68.2642, 73.2462, 102.343, 104.957, 100.499, 94.255, 93.3006, 94.921],
[41.8808, 15.2315, 0, 8.24621, 85.5102, 85.3756, 21.0238, 59.6825, 71.1126, 52.9528, 45.8912, 36.0139, 37.5766, 42.5793, 28.6531, 28.6356, 18.0278, 44.0454, 56.4004, 70.9366, 57.0351, 101.637, 80.9568, 18.3848, 17.4642, 15.2971, 3.16228, 2.82843, 3, 5.83095, 11.0454, 9.43398, 85, 85.1469, 88.1192, 82.7647, 85.1645, 87.8635, 21.8403, 20.8806, 18.3848, 58.2495, 56.5685, 62.8013, 68.0661, 74.108, 69.0072, 54.5711, 52.469, 55.5788, 48.5077, 46.5725, 45.3982, 33.0151, 39.0512, 36.3456, 34.9285, 34.9285, 39.8246, 45.7056, 45.8912, 44.1814, 30.8707, 31.0644, 30.4631, 27.1662, 26.2488, 31.3209, 21.5407, 17.2627, 15.2971, 43.8292, 46.7547, 41.7732, 54.6443, 56.3028, 58.8218, 74.0945, 69.8928, 69.857, 54.037, 54, 59, 100.648, 104, 99.5389, 79.1202, 78.1601, 79.712],
[49.7393, 18.4391, 8.24621, 0, 93.0591, 92.7631, 27.8927, 67.897, 79.0253, 60.531, 53.4603, 44.1022, 45.6946, 50.2494, 27.6586, 21.5407, 12.0416, 41.1825, 63.0317, 76.0263, 59.3043, 109.772, 80.8084, 21.2132, 19.2094, 17.0294, 11.4018, 6, 11.1803, 3.16228, 3.16228, 3, 92.6553, 92.5743, 95.7549, 90.2552, 92.4175, 95.352, 29.2746, 28.2843, 25.4951, 66.4906, 64.7765, 71.0211, 76.0066, 82.0244, 77.0065, 61.9839, 60.208, 63.2851, 55.9017, 53.9351, 53.1507, 41.0122, 47.1699, 44.5533, 43.0813, 43.0813, 47.8539, 53.3385, 53.4603, 52.0384, 30.4138, 29.4109, 30.2655, 19.6469, 19.7231, 24.5967, 15.6205, 10.2956, 8.60233, 41.6293, 43.566, 38.5876, 61.0737, 62.6259, 65.2993, 79.1581, 74.7329, 75.1798, 56.3205, 56.5685, 61.5224, 108.747, 112.161, 107.703, 79.2465, 78.2624, 79.3095],
[62.6259, 78.0256, 85.5102, 93.0591, 0, 4.12311, 65.3758, 35.3553, 17.6918, 32.5576, 39.6232, 50.9215, 59.3633, 42.9535, 106.231, 114.14, 103.368, 122.654, 78.8733, 100.439, 112.805, 57.7062, 143.283, 77.0065, 80.0062, 81.0062, 82.7647, 87.1321, 82.5651, 89.9444, 96.1769, 92.6553, 3, 3.16228, 3.60555, 3.16228, 7.28011, 2.82843, 63.7887, 64.7765, 67.6018, 38.8973, 36.8782, 34.0588, 20.6155, 15.6205, 21.2132, 31.1448, 33.2415, 30.0832, 37.2156, 39.2046, 40.2616, 53.1601, 48.4665, 52.3927, 60.0333, 60.0333, 60.2163, 39.8121, 39.6232, 41.7612, 106.513, 109.385, 105.603, 112.614, 111.611, 116.709, 106.733, 102.772, 100.807, 120.768, 125.801, 121.462, 80.8084, 82.3286, 81.2158, 102.343, 102.201, 97.6524, 110.887, 109.343, 112.61, 59.4138, 57.2713, 54.5894, 140.357, 139.703, 143.534],
[64.4438, 77.2334, 85.3756, 92.7631, 4.12311, 0, 64.9384, 37.6431, 20, 32.573, 39.5601, 51.4781, 60.803, 43.0116, 106.93, 114.004, 103.325, 123.438, 81.4002, 103.175, 114.691, 61.8142, 145.165, 76.0592, 79.0569, 80.1561, 82.7103, 86.885, 82.4621, 89.627, 95.901, 92.228, 7.07107, 1, 7.2111, 3.60555, 3.16228, 3.60555, 63.561, 64.5368, 67.2681, 41.2311, 38.8973, 36.6197, 22.6716, 18.3576, 23.6008, 30.8058, 33.6155, 30.4631, 36.8782, 38.833, 40.4969, 53.4883, 49.1935, 53.2353, 61.2944, 61.2944, 61.8466, 39.8497, 39.5601, 42.1545, 107.331, 110.073, 106.438, 112.379, 111.571, 116.662, 106.738, 102.611, 100.663, 121.655, 126.574, 122.156, 83.2406, 84.8116, 83.8153, 105.152, 104.862, 100.404, 112.699, 111.198, 114.586, 63.5059, 61.3922, 58.6941, 142.271, 141.598, 145.344],
[35.7771, 13.9284, 21.0238, 27.8927, 65.3758, 64.9384, 0, 43.8634, 52.2398, 33.0151, 26, 19.7231, 29.1548, 23.0868, 47.3814, 49.3356, 39, 63.7024, 56.0446, 75.326, 69.2604, 89.3085, 96.6023, 14.4222, 17, 17.088, 18.868, 22.1359, 18.3576, 24.7386, 31.0483, 27.2947, 65.123, 64.7765, 68.1836, 62.514, 64.5368, 67.6018, 3.60555, 3.16228, 2.82843, 43.4166, 40.7185, 47.0106, 49.366, 55.2268, 50.636, 34.2345, 33.0606, 36.0139, 28.1603, 26.1725, 26.1725, 16.1245, 22.8254, 22.0227, 26.4197, 26.4197, 32.249, 26.0192, 26, 25.4951, 48.9183, 50.2096, 48.2701, 47.5395, 47.1699, 52.2015, 42.5441, 37.9473, 36.0555, 62.9365, 66.6033, 61.7171, 55.3173, 57.2713, 58.9406, 78.4092, 75.1066, 73.5527, 66.4078, 65.8027, 70.6045, 88.8144, 91.2688, 86.8217, 94.3716, 93.4719, 95.7706],
[27.7849, 57.7754, 59.6825, 67.897, 35.3553, 37.6431, 43.8634, 0, 17.6918, 20.2485, 22.8035, 24.3516, 25.9615, 23.3452, 74.7329, 87.0517, 76.0592, 90.5207, 43.8292, 65.8635, 77.6209, 46.6905, 108.074, 58.1378, 60.8358, 60.9262, 56.5685, 61.9839, 56.7186, 65.1153, 70.7107, 68.4471, 33.3017, 36.8782, 36.2353, 34.0588, 39.4081, 38.1838, 40.8534, 41.7852, 44.9444, 3.60555, 3.16228, 3.16228, 15, 19.8494, 14.1421, 22.8035, 17.4642, 17.4642, 24.1868, 25.2389, 20.5183, 27.8568, 21.1896, 23.3452, 27.4591, 27.4591, 26, 22.0227, 22.8035, 19.8494, 74.4648, 77.8781, 73.4983, 86.209, 84.006, 89, 79.0063, 76.2365, 74.2428, 88.2327, 93.6803, 89.7385, 45.607, 47.2017, 46.3249, 68, 67.4166, 63.1348, 75.8024, 74.2024, 77.3369, 46.6905, 48.2701, 43.9318, 105.119, 104.484, 108.407],
[45, 65.7647, 71.1126, 79.0253, 17.6918, 20, 52.2398, 17.6918, 0, 19.9249, 26.4764, 35.3553, 42.0595, 29.1548, 89.8109, 99.5038, 88.5664, 106.042, 61.4003, 83.2166, 95.1315, 50.0899, 125.607, 65.307, 68.2495, 68.884, 68.1836, 73.0274, 68.1175, 76.0066, 82.0549, 79.0063, 15.8114, 19.2094, 18.868, 16.4012, 21.9545, 20.5183, 50.04, 51.0392, 54.0833, 21.2603, 19.2094, 16.6433, 3.16228, 3, 3.60555, 20.1246, 19.2354, 16.4924, 25.2982, 27.2029, 26.0768, 38.1182, 32.5576, 36.1386, 42.9535, 42.9535, 42.72, 26.3059, 26.4764, 27, 89.8888, 92.9731, 88.955, 98.2497, 96.7471, 101.833, 91.7878, 88.278, 86.2844, 104, 109.202, 105.005, 63.2535, 64.8151, 63.8201, 85.235, 84.8764, 80.455, 93.2363, 91.6788, 94.921, 51.0784, 50.6063, 46.9574, 122.674, 122.025, 125.877],
[37.1214, 46.1736, 52.9528, 60.531, 32.5576, 32.573, 33.0151, 20.2485, 19.9249, 0, 7.07107, 19.4165, 31.6228, 10.4403, 74.7061, 81.5843, 70.8308, 91.3017, 57.8705, 80.3243, 86.0523, 65.437, 116.181, 45.5412, 48.5077, 49.2544, 50.2195, 54.5894, 50.01, 57.4282, 63.6396, 60.208, 32.1403, 32.28, 35.2278, 29.8329, 32.6956, 34.9285, 31.257, 32.249, 35.1283, 22.561, 18.4391, 22.3607, 17.4642, 22.8035, 19.2354, 3.16228, 3, 3.60555, 5.38516, 7.28011, 8.06226, 21.0238, 17.6918, 21.9317, 31.241, 31.241, 33.6155, 7.28011, 7.07107, 10, 75.2928, 77.8267, 74.4312, 80.0625, 79.0759, 84.1724, 74.2159, 70.214, 68.2495, 89.6939, 94.414, 89.8944, 58.8727, 60.7454, 60.7289, 82.8613, 81.3449, 77.7946, 83.7377, 82.4621, 86.4002, 65.8027, 66.6033, 62.482, 113.455, 112.699, 116.043],
[33.5261, 39.3192, 45.8912, 53.4603, 39.6232, 39.5601, 26, 22.8035, 26.4764, 7.07107, 0, 13.4536, 27.313, 3.60555, 68.0955, 74.5252, 63.7887, 84.7231, 55.109, 77.3692, 81.0247, 69.3109, 110.887, 38.833, 41.7732, 42.4264, 43.1741, 47.5184, 42.9535, 50.3587, 56.5685, 53.1507, 39.2046, 39.2938, 42.2966, 36.8782, 39.5601, 41.9762, 24.1868, 25.1794, 28.0713, 24.1868, 20.2485, 25.4951, 23.7697, 29.4279, 25.2982, 8.94427, 7.28011, 10.0499, 3.60555, 3, 3, 14.4222, 12.53, 16.6433, 26.4197, 26.4197, 29.7321, 1, 0, 5.09902, 68.7968, 71.1969, 67.9559, 72.9931, 72.0347, 77.1298, 67.1863, 63.1506, 61.1882, 83.2166, 87.818, 83.2406, 55.7853, 57.7235, 58.0517, 80.05, 78.1601, 74.9533, 78.6003, 77.4209, 81.5414, 69.4262, 70.7248, 66.468, 108.231, 107.448, 110.635],
[22.0227, 33.541, 36.0139, 44.1022, 50.9215, 51.4781, 19.7231, 24.3516, 35.3553, 19.4165, 13.4536, 0, 15.1327, 10, 55.4617, 64.195, 53.2353, 72.0069, 44.0454, 65.7647, 67.6757, 69.6348, 97.4526, 34.1321, 36.7151, 36.6742, 33, 38.1182, 33.0151, 41.1947, 47.0425, 44.4072, 50, 51.0784, 53.1601, 48.4665, 51.8845, 53.4883, 16.5529, 17.4642, 20.6155, 23.7065, 21.1896, 27.5136, 32.249, 38.3275, 33.0606, 22.0227, 17.8885, 21.0238, 17.0294, 15.8114, 11.4018, 3.60555, 3.16228, 4, 13.6015, 13.6015, 18.0278, 12.7279, 13.4536, 9.43398, 55.9464, 58.6003, 55.0727, 63.0317, 61.4003, 66.4831, 56.4358, 53.0377, 51.0392, 70.3278, 75.1332, 70.6824, 44.2832, 46.2709, 47.0425, 68.593, 66.2873, 63.5059, 65.215, 64.0703, 68.2642, 69.2026, 71.5612, 67.1193, 94.8103, 94.0213, 97.1854],
[7.07107, 41.0366, 37.5766, 45.6946, 59.3633, 60.803, 29.1548, 25.9615, 42.0595, 31.6228, 27.313, 15.1327, 0, 24.3516, 48.8365, 62.8013, 51.9711, 64.5601, 29, 50.636, 54.5619, 64.0781, 84.8646, 42.638, 44.5982, 43.8406, 34.4384, 40.2492, 34.8855, 43.382, 48.1041, 46.9574, 57.8014, 60.2163, 60.9016, 57.4282, 61.8466, 62.1289, 25.5539, 26.0768, 28.6007, 23.3452, 23.4094, 28.6356, 38.9487, 44.7214, 38.9102, 34.6699, 29.2062, 31.8904, 30.8707, 30.0832, 24.5967, 17.0294, 14.8661, 11.1803, 2.82843, 2.82843, 3.16228, 26.4008, 27.313, 22.3607, 48.5077, 51.9711, 47.5395, 62.3699, 59.5399, 64.3817, 54.5894, 52.6308, 50.6952, 62.2977, 67.72, 63.7887, 29.1548, 31.1448, 32, 53.4603, 51.1957, 48.3735, 52.345, 50.9902, 54.8179, 63.0714, 66.4831, 62.0322, 82.0731, 81.3449, 84.8646],
[30.8058, 36.6742, 42.5793, 50.2494, 42.9535, 43.0116, 23.0868, 23.3452, 29.1548, 10.4403, 3.60555, 10, 24.3516, 0, 64.4981, 71.1969, 60.4152, 81.1234, 52.6118, 74.7329, 77.666, 70.0357, 107.448, 36.4006, 39.2938, 39.8121, 39.8121, 44.2832, 39.6232, 47.1699, 53.3385, 50.04, 42.4264, 42.72, 45.5412, 40.2616, 43.0813, 45.3542, 21.0238, 22.0227, 25, 24.2074, 20.5183, 26.2488, 26.3059, 32.1403, 27.6586, 12.53, 10, 13.0384, 7.07107, 5.83095, 3.16228, 10.8167, 9.48683, 13.4164, 23.2594, 23.2594, 26.9258, 3.16228, 3.60555, 3.60555, 65.192, 67.6018, 64.3506, 69.7209, 68.6586, 73.7564, 63.7887, 59.8415, 57.8705, 79.6116, 84.2199, 79.6492, 53.1507, 55.109, 55.5788, 77.4661, 75.4321, 72.3671, 75.213, 74.0608, 78.2304, 70.0071, 71.5891, 67.2681, 104.809, 104.019, 107.168],
[49.0408, 43.8292, 28.6531, 27.6586, 106.231, 106.93, 47.3814, 74.7329, 89.8109, 74.7061, 68.0955, 55.4617, 48.8365, 64.4981, 0, 23.6008, 19.2354, 16.6433, 52, 57.28, 34.176, 108.19, 53.1507, 46.9574, 45.6946, 43.4626, 29.4109, 29.5466, 30.2324, 29.4109, 26.1725, 30.5941, 105.109, 106.513, 108.268, 103.87, 107.331, 108.853, 46.7547, 46.0109, 44.5533, 72.1803, 72.0347, 77.4661, 86.6487, 92.6553, 86.977, 77.026, 73.3485, 76.4853, 71.3442, 69.6419, 66.6483, 53.7122, 57.7754, 53.8516, 47.2969, 47.2969, 49.366, 67.6018, 68.0955, 64.846, 3.16228, 3.16228, 3.60555, 25.5539, 20.2485, 22.6274, 18.0278, 22.2036, 22.0227, 15.5563, 19.7231, 15.2315, 49.2443, 50.0899, 53.2259, 60.1415, 55.2268, 57.3149, 31.3847, 32.2025, 36.7696, 106.532, 111.018, 106.794, 51.6236, 50.636, 51.6624],
[65.2533, 39.4462, 28.6356, 21.5407, 114.14, 114.004, 49.3356, 87.0517, 99.5038, 81.5843, 74.5252, 64.195, 62.8013, 71.1969, 23.6008, 0, 11, 28, 73.2462, 80.7217, 57.2451, 125.96, 71.0634, 41.8808, 39.4081, 37.4433, 31.4006, 27.2029, 31.5753, 24.6982, 18.3848, 22.8254, 113.6, 113.78, 116.726, 111.4, 113.759, 116.499, 50.448, 49.4773, 46.8402, 85.2115, 84.0238, 90.0888, 96.421, 102.489, 97.2523, 83.1986, 81.0494, 84.1724, 77.1298, 75.1864, 73.9797, 61.4003, 67.1193, 64.0078, 60.531, 60.531, 64.3273, 74.3303, 74.5252, 72.6911, 26.6271, 22.8254, 27.2029, 3.16228, 3.60555, 3.60555, 8.24621, 11.4018, 13.3417, 30.1496, 29.1548, 25, 70.7248, 71.8471, 74.8866, 83.6301, 78.7464, 80.6226, 54.5894, 55.5698, 59.9416, 124.619, 128.577, 124.193, 70.2567, 69.2604, 69.0072],
[54.7083, 30.4795, 18.0278, 12.0416, 103.368, 103.325, 39, 76.0592, 88.5664, 70.8308, 63.7887, 53.2353, 51.9711, 60.4152, 19.2354, 11, 0, 30.0832, 64.2028, 73.8173, 53.1601, 115.434, 71.4493, 33.2415, 31.1448, 29, 20.6155, 17, 20.8806, 15, 9.21954, 14.2127, 102.772, 103.078, 105.906, 100.663, 103.16, 105.759, 39.8497, 38.8973, 36.4006, 74.2428, 73.0274, 79.1012, 85.4751, 91.5478, 86.2844, 72.5328, 70.214, 73.3485, 66.4831, 64.5601, 63.1506, 50.4876, 56.1427, 53.0094, 49.6488, 49.6488, 53.6004, 63.561, 63.7887, 61.8142, 22.3607, 20, 22.561, 10.4403, 8.24621, 13.3417, 3.60555, 3, 3.60555, 31.0483, 32.2025, 27.313, 61.8466, 63.1269, 66.0681, 76.844, 72.111, 73.4098, 50.2892, 50.9215, 55.6597, 114.162, 118.004, 113.6, 70.1783, 69.1809, 69.7209],
[63.9531, 58.8218, 44.0454, 41.1825, 122.654, 123.438, 63.7024, 90.5207, 106.042, 91.3017, 84.7231, 72.0069, 64.5601, 81.1234, 16.6433, 28, 30.0832, 0, 62.9682, 62.7694, 34.7131, 121.202, 43.1045, 61.8547, 60.208, 57.9828, 45.2769, 44.4072, 46.0109, 43.566, 38.9102, 43.8292, 121.462, 123.004, 124.615, 120.341, 123.891, 125.3, 63.2535, 62.482, 60.8769, 87.8009, 87.9318, 93.1451, 102.883, 108.849, 103.121, 93.6483, 89.8944, 93.0215, 87.983, 86.2844, 83.2406, 70.3278, 74.2496, 70.2638, 63.2456, 63.2456, 64.7611, 84.2199, 84.7231, 81.4125, 16.1555, 13.6015, 17.088, 31.0161, 26.1725, 25.0799, 27.2029, 32.8938, 33.6155, 3.60555, 3.16228, 3, 60.0167, 60.4152, 63.561, 65.192, 60.208, 63.5295, 32.8024, 34.4093, 37.5366, 119.34, 124.145, 120.067, 42.4264, 41.4367, 41.0122],
[22.0227, 65.307, 56.4004, 63.0317, 78.8733, 81.4002, 56.0446, 43.8292, 61.4003, 57.8705, 55.109, 44.0454, 29, 52.6118, 52, 73.2462, 64.2028, 62.9682, 0, 22.4722, 37.9473, 59.1354, 67.1193, 67.624, 68.8767, 67.5352, 53.8238, 59.203, 54.6443, 61.8466, 64.3506, 65.2993, 76.5768, 80.604, 79.3095, 77.801, 83.2346, 81.6884, 52.6308, 52.8867, 54.7083, 40.2244, 43.0465, 44.8219, 58.8218, 63.2535, 57.8014, 61.0328, 55.0273, 57.0088, 58.4637, 58.0517, 52.1728, 46.0109, 43.2897, 40.05, 31.0644, 31.0644, 26.0192, 54.1295, 55.109, 50.01, 49.98, 54.4243, 49.0408, 74.0608, 69.6419, 73.4302, 65.4599, 66.0681, 64.5368, 59.6825, 65.7647, 63.561, 3, 3.60555, 3, 25, 23.7065, 19.9249, 37.108, 35.171, 36.7696, 57.0351, 62.2013, 58.4209, 64.0078, 63.5295, 67.9779],
[43.9318, 82.4621, 70.9366, 76.0263, 100.439, 103.175, 75.326, 65.8635, 83.2166, 80.3243, 77.3692, 65.7647, 50.636, 74.7329, 57.28, 80.7217, 73.8173, 62.7694, 22.4722, 0, 29.4109, 71.5122, 52.1728, 85.1469, 85.8662, 84.2021, 68.9493, 73.5391, 69.8928, 75.6439, 76.5376, 78.721, 98.0051, 102.343, 100.603, 99.5691, 105.152, 103.228, 72.1734, 72.2496, 73.5527, 62.2656, 65.2993, 66.5733, 80.7775, 84.8764, 79.6116, 83.4865, 77.4919, 79.4796, 80.7775, 80.2808, 74.4648, 67.3647, 65.307, 61.8142, 52.345, 52.345, 47.8539, 76.4003, 77.3692, 72.2772, 54.4518, 58.7282, 53.7401, 82.3286, 77.2334, 79.9062, 74.027, 76.2758, 75.1665, 59.1693, 64.8845, 64.3506, 21.587, 19.6469, 19.6977, 3.16228, 3, 2.82843, 30.4631, 28.6356, 26.9258, 68.9493, 74.6726, 71.6938, 49.0306, 48.8365, 53.7587],
[50.2494, 71.4493, 57.0351, 59.3043, 112.805, 114.691, 69.2604, 77.6209, 95.1315, 86.0523, 81.0247, 67.6757, 54.5619, 77.666, 34.176, 57.2451, 53.1601, 34.7131, 37.9473, 29.4109, 0, 96.3379, 30.4795, 74.5453, 74.2428, 72.1734, 56.2228, 59, 57.2189, 60.075, 58.6941, 62.2896, 110.887, 114.022, 113.851, 111.198, 116, 115.624, 67.0671, 66.7308, 66.7608, 74.2024, 75.9276, 79.404, 92.1954, 97.4526, 91.6788, 89.0225, 83.7377, 86.4523, 84.6286, 83.4865, 78.6003, 67.7422, 68.6003, 64.405, 54.8179, 54.8179, 53.0377, 80.2122, 81.0247, 76.4003, 31.0161, 34.4384, 30.6757, 59.5063, 54.1295, 55.5698, 52.2015, 56.0446, 55.5428, 31.1448, 36.4006, 36.7696, 35.1141, 34.4819, 37.108, 31.3847, 26.5707, 30.8058, 3, 3.60555, 2.82843, 94.0479, 99.4636, 95.901, 27.5862, 26.9072, 30.8058],
[60.7289, 102.927, 101.637, 109.772, 57.7062, 61.8142, 89.3085, 46.6905, 50.0899, 65.437, 69.3109, 69.6348, 64.0781, 70.0357, 108.19, 125.96, 115.434, 121.202, 59.1354, 71.5122, 96.3379, 0, 123.369, 103.73, 106.231, 106, 98.4886, 104.278, 98.8989, 107.424, 112.161, 110.982, 54.7449, 60.8276, 55.3263, 59.2284, 64.9384, 59.4138, 85.9826, 86.8217, 89.8888, 46.2277, 49.5782, 43.8406, 50.6063, 48.8467, 48.3735, 67.2012, 63.1269, 62.0081, 70.1783, 71.5052, 67.1789, 73.2393, 66.6108, 67.4166, 66.7083, 66.7083, 62.0322, 68.593, 69.3109, 66.5282, 106.794, 111.018, 105.802, 125.873, 122.528, 127.094, 117.72, 116.379, 114.49, 118.106, 124.145, 121.413, 62.1289, 62.2896, 59.4138, 71.6938, 74.3303, 68.9493, 95.8853, 93.9042, 94.7259, 2.82843, 3.16228, 3.16228, 120.208, 119.921, 124.724],
[80.7217, 96.1353, 80.9568, 80.8084, 143.283, 145.165, 96.6023, 108.074, 125.607, 116.181, 110.887, 97.4526, 84.8646, 107.448, 53.1507, 71.0634, 71.4493, 43.1045, 67.1193, 52.1728, 30.4795, 123.369, 0, 99.2975, 98.3717, 96.1665, 80.9938, 82.28, 81.9329, 82.4621, 79.2465, 83.7437, 141.354, 144.499, 144.309, 141.676, 146.455, 146.103, 94.8947, 94.414, 93.9149, 104.637, 106.405, 109.809, 122.674, 127.914, 122.147, 119.097, 113.952, 116.726, 114.477, 113.23, 108.577, 97.2008, 98.5951, 94.3663, 84.9588, 84.9588, 83.4506, 110.114, 110.887, 106.405, 50.448, 51.6236, 50.6952, 74.027, 69, 68.1836, 69.1809, 74.4312, 74.6726, 41, 42.4264, 46.0977, 64.4981, 63.5295, 65.7419, 52.6118, 49.2443, 54.5711, 32.5269, 33.9706, 30.8058, 120.88, 126.531, 123.329, 3.16228, 3.60555, 2.82843],
[48.8262, 3.16228, 18.3848, 21.2132, 77.0065, 76.0592, 14.4222, 58.1378, 65.307, 45.5412, 38.833, 34.1321, 42.638, 36.4006, 46.9574, 41.8808, 33.2415, 61.8547, 67.624, 85.1469, 74.5453, 103.73, 99.2975, 0, 3, 4.47214, 18.4391, 17.4929, 17.4642, 18.4391, 24.0832, 19.2094, 77.1038, 76.0263, 80.0562, 74, 75.2396, 79.0063, 17.8045, 17.0294, 14.1421, 57.8014, 55.0091, 61.2699, 62.5859, 68.2495, 64.0312, 46.1736, 46.0977, 48.8365, 40.3113, 38.3275, 39.5601, 30.5287, 37.2156, 36.4006, 39.8246, 39.8246, 45.607, 39.0512, 38.833, 39.2173, 49.2443, 49.2443, 48.8467, 39.4462, 40.6079, 45.2217, 36.7967, 31.241, 29.7321, 61.9112, 64.405, 59.4054, 66.4831, 68.352, 70.3847, 88.295, 84.5281, 83.678, 71.5681, 71.3442, 76.3217, 103.228, 105.688, 101.242, 97.4166, 96.4624, 98.0816],
[50.6063, 3.60555, 17.4642, 19.2094, 80.0062, 79.0569, 17, 60.8358, 68.2495, 48.5077, 41.7732, 36.7151, 44.5982, 39.2938, 45.6946, 39.4081, 31.1448, 60.208, 68.8767, 85.8662, 74.2428, 106.231, 98.3717, 3, 0, 2.23607, 18.0278, 16.1555, 17.0294, 16.6433, 21.9317, 16.9706, 80.0999, 79.0253, 83.0542, 77, 78.2304, 82.0061, 20.2485, 19.4165, 16.4012, 60.4152, 57.6975, 63.9766, 65.5134, 71.1969, 66.9403, 49.163, 49.0306, 51.788, 43.2897, 41.3038, 42.45, 33.121, 39.8246, 38.833, 41.7732, 41.7732, 47.5079, 41.9762, 41.7732, 42.0595, 48.1041, 47.8539, 47.7598, 36.8917, 38.2884, 42.8019, 34.6554, 29, 27.5862, 60.4152, 62.6817, 57.6888, 67.624, 69.4622, 71.5891, 89.0225, 85.1469, 84.4808, 71.2531, 71.1126, 76.1052, 105.683, 108.227, 103.774, 96.566, 95.6033, 97.0824],
[49.679, 3.16228, 15.2971, 17.0294, 81.0062, 80.1561, 17.088, 60.9262, 68.884, 49.2544, 42.4264, 36.6742, 43.8406, 39.8121, 43.4626, 37.4433, 29, 57.9828, 67.5352, 84.2021, 72.1734, 106, 96.1665, 4.47214, 2.23607, 0, 16, 13.9284, 15, 14.4222, 19.799, 14.8661, 81.0247, 80.0999, 84.006, 78.0256, 79.404, 83.0542, 20.1246, 19.2354, 16.1245, 60.3738, 57.7754, 64.0781, 66.0984, 71.8471, 67.4685, 50.04, 49.6488, 52.469, 44.1022, 42.107, 42.9535, 33.1059, 39.8121, 38.5876, 41.0122, 41.0122, 46.6905, 42.5793, 42.4264, 42.45, 45.8803, 45.618, 45.5412, 34.9857, 36.2353, 40.8044, 32.5269, 26.9072, 25.4558, 58.1808, 60.4649, 55.4707, 66.2118, 68.0294, 70.214, 87.3613, 83.4326, 82.8613, 69.1809, 69.0652, 74.0608, 105.395, 108.046, 103.586, 94.3716, 93.4077, 94.8683],
[38.833, 15.2971, 3.16228, 11.4018, 82.7647, 82.7103, 18.868, 56.5685, 68.1836, 50.2195, 43.1741, 33, 34.4384, 39.8121, 29.4109, 31.4006, 20.6155, 45.2769, 53.8238, 68.9493, 56.2228, 98.4886, 80.9938, 18.4391, 18.0278, 16, 0, 5.83095, 1, 8.94427, 14.1421, 12.53, 82.201, 82.4621, 85.3288, 80.05, 82.5651, 85.1469, 19.3132, 18.3848, 16.1245, 55.109, 53.4603, 59.6825, 65.123, 71.1758, 66.0303, 51.923, 49.6488, 52.7731, 45.8803, 43.9659, 42.5793, 30.0666, 36.0139, 33.2415, 31.7805, 31.7805, 36.7151, 42.9535, 43.1741, 41.3038, 31.3847, 32.0156, 30.8869, 30.0666, 28.8617, 33.9559, 24.0416, 20.0998, 18.1108, 44.8219, 48.0833, 43.1393, 52.1536, 53.8516, 56.3028, 72.111, 68.0074, 67.7791, 53.2353, 53.0848, 58.0775, 97.509, 100.846, 96.3846, 79.0569, 78.1089, 79.8499],
[44.6542, 14.4222, 2.82843, 6, 87.1321, 86.885, 22.1359, 61.9839, 73.0274, 54.5894, 47.5184, 38.1182, 40.2492, 44.2832, 29.5466, 27.2029, 17, 44.4072, 59.203, 73.5391, 59, 104.278, 82.28, 17.4929, 16.1555, 13.9284, 5.83095, 0, 5.38516, 3.16228, 9.05539, 6.7082, 86.7006, 86.6833, 89.8053, 84.3445, 86.5852, 89.4427, 23.3452, 22.3607, 19.6469, 60.6383, 58.8558, 65.1153, 70.0071, 76.0263, 71.007, 56.0892, 54.231, 57.3149, 50.01, 48.0521, 47.1699, 35.0143, 41.1947, 38.6394, 37.5766, 37.5766, 42.5441, 47.3814, 47.5184, 46.0435, 31.9531, 31.7648, 31.6228, 25.4951, 25.0799, 30.0832, 20.5913, 15.8114, 13.9284, 44.4185, 47.0106, 42.0119, 57.4282, 59.0762, 61.6117, 76.6942, 72.45, 72.4983, 56, 56.0357, 61.0328, 103.315, 106.621, 102.157, 80.5233, 79.555, 80.9568],
[39.4081, 14.3178, 3, 11.1803, 82.5651, 82.4621, 18.3576, 56.7186, 68.1175, 50.01, 42.9535, 33.0151, 34.8855, 39.6232, 30.2324, 31.5753, 20.8806, 46.0109, 54.6443, 69.8928, 57.2189, 98.8989, 81.9329, 17.4642, 17.0294, 15, 1, 5.38516, 0, 8.544, 14.0357, 12.083, 82.0366, 82.2253, 85.1587, 79.8311, 82.28, 84.9294, 18.9737, 18.0278, 15.6525, 55.3173, 53.6004, 59.8415, 65.0692, 71.1126, 66.0076, 51.6624, 49.4975, 52.6118, 45.607, 43.6807, 42.4264, 30.0167, 36.0555, 33.3766, 32.2025, 32.2025, 37.2156, 42.7551, 42.9535, 41.1947, 32.249, 32.8024, 31.7648, 30.1496, 29.1204, 34.2053, 24.3516, 20.2237, 18.2483, 45.607, 48.7955, 43.8406, 53, 54.7083, 57.1402, 73.0548, 68.9638, 68.7095, 54.231, 54.0833, 59.0762, 97.9439, 101.237, 96.7729, 80.0062, 79.0569, 80.7775],
[47.7074, 15.5563, 5.83095, 3.16228, 89.9444, 89.627, 24.7386, 65.1153, 76.0066, 57.4282, 50.3587, 41.1947, 43.382, 47.1699, 29.4109, 24.6982, 15, 43.566, 61.8466, 75.6439, 60.075, 107.424, 82.4621, 18.4391, 16.6433, 14.4222, 8.94427, 3.16228, 8.544, 0, 6.32456, 3.60555, 89.56, 89.4427, 92.6553, 87.1321, 89.2693, 92.228, 26.1725, 25.1794, 22.3607, 63.7887, 61.9839, 68.2495, 73, 79.0063, 74.027, 58.8558, 57.1402, 60.208, 52.7731, 50.8035, 50.0899, 38.0526, 44.2832, 41.7732, 40.7185, 40.7185, 45.6508, 50.2494, 50.3587, 49.0102, 32.0156, 31.3847, 31.7805, 22.8035, 22.8254, 27.7308, 18.6011, 13.4164, 11.6619, 43.8292, 46.0435, 41.0488, 60, 61.6117, 64.2028, 78.7909, 74.4648, 74.686, 57.0789, 57.2189, 62.2013, 106.452, 109.772, 105.309, 80.8084, 79.8311, 81.0432],
[51.8845, 21.4009, 11.0454, 3.16228, 96.1769, 95.901, 31.0483, 70.7107, 82.0549, 63.6396, 56.5685, 47.0425, 48.1041, 53.3385, 26.1725, 18.3848, 9.21954, 38.9102, 64.3506, 76.5376, 58.6941, 112.161, 79.2465, 24.0832, 21.9317, 19.799, 14.1421, 9.05539, 14.0357, 6.32456, 0, 5, 95.7549, 95.7079, 98.8585, 93.3809, 95.5667, 98.4784, 32.3883, 31.4006, 28.6356, 69.2315, 67.6018, 73.8241, 79.0253, 85.0529, 80, 65.1153, 63.2851, 66.3702, 59.0339, 57.0701, 56.2228, 44, 50.0899, 47.3814, 45.5412, 45.5412, 50.1597, 56.4358, 56.5685, 55.0818, 29.0689, 27.6586, 29.0172, 16.4924, 16.6433, 21.4709, 12.7279, 7.2111, 5.65685, 39.5601, 41.1825, 36.2353, 62.2896, 63.7809, 66.5282, 79.6492, 75.1332, 75.8024, 55.7315, 56.0892, 61, 111.086, 114.586, 110.136, 77.7817, 76.7919, 77.666],
[51.3128, 16.6433, 9.43398, 3, 92.6553, 92.228, 27.2947, 68.4471, 79.0063, 60.208, 53.1507, 44.4072, 46.9574, 50.04, 30.5941, 22.8254, 14.2127, 43.8292, 65.2993, 78.721, 62.2896, 110.982, 83.7437, 19.2094, 16.9706, 14.8661, 12.53, 6.7082, 12.083, 3.60555, 5, 0, 92.3472, 92.0706, 95.4254, 89.8053, 91.7823, 94.8947, 29.0172, 28.0179, 25.0799, 67.1863, 65.307, 71.5891, 76.0263, 82.0061, 77.1038, 61.5224, 60.0333, 63.0714, 55.4437, 53.4603, 53.0094, 41.1947, 47.5184, 45.1221, 44.2832, 44.2832, 49.2443, 53.0848, 53.1507, 52.0096, 33.3766, 32.28, 33.2415, 20.6155, 21.4009, 26.0768, 17.6918, 12.0416, 10.6301, 44.3847, 46.1411, 41.1825, 63.4114, 65, 67.624, 81.8596, 77.4726, 77.8267, 59.3043, 59.5399, 64.4981, 110.023, 113.318, 108.853, 82.201, 81.2158, 82.2253],
[60.803, 78.0064, 85, 92.6553, 3, 7.07107, 65.123, 33.3017, 15.8114, 32.1403, 39.2046, 50, 57.8014, 42.4264, 105.109, 113.6, 102.772, 121.462, 76.5768, 98.0051, 110.887, 54.7449, 141.354, 77.1038, 80.0999, 81.0247, 82.201, 86.7006, 82.0366, 89.56, 95.7549, 92.3472, 0, 6.08276, 3.16228, 5, 10.198, 5.38516, 63.3877, 64.3817, 67.2681, 36.7967, 35, 31.8277, 18.868, 13.4536, 19.2094, 31, 32.5576, 29.4279, 37.0135, 39.0128, 39.6232, 52.3927, 47.4342, 51.264, 58.5918, 58.5918, 58.5235, 39.3192, 39.2046, 41, 105.309, 108.268, 104.389, 112.147, 111.005, 116.103, 106.099, 102.259, 100.285, 119.507, 124.615, 120.333, 78.5684, 80.0562, 78.8733, 99.8649, 99.8098, 95.2103, 109.018, 107.448, 110.635, 56.4358, 54.3415, 51.6236, 138.409, 137.768, 141.651],
[63.7809, 77.1622, 85.1469, 92.5743, 3.16228, 1, 64.7765, 36.8782, 19.2094, 32.28, 39.2938, 51.0784, 60.2163, 42.72, 106.513, 113.78, 103.078, 123.004, 80.604, 102.343, 114.022, 60.8276, 144.499, 76.0263, 79.0253, 80.0999, 82.4621, 86.6833, 82.2253, 89.4427, 95.7079, 92.0706, 6.08276, 0, 6.40312, 2.82843, 4.12311, 3.16228, 63.3482, 64.3273, 67.082, 40.4599, 38.1838, 35.805, 21.9317, 17.4929, 22.8035, 30.5941, 33.2415, 30.0832, 36.6742, 38.6394, 40.1622, 53.1413, 48.7545, 52.7731, 60.7454, 60.7454, 61.2209, 39.5601, 39.2938, 41.7852, 106.888, 109.659, 105.991, 112.178, 111.324, 116.417, 106.48, 102.391, 100.439, 121.198, 126.143, 121.742, 82.4621, 84.0238, 83.006, 104.307, 104.043, 99.5691, 112.045, 110.535, 113.899, 62.514, 60.4152, 57.7062, 141.598, 140.929, 144.693],
[63.8201, 81, 88.1192, 95.7549, 3.60555, 7.2111, 68.1836, 36.2353, 18.868, 35.2278, 42.2966, 53.1601, 60.9016, 45.5412, 108.268, 116.726, 105.906, 124.615, 79.3095, 100.603, 113.851, 55.3263, 144.309, 80.0562, 83.0542, 84.006, 85.3288, 89.8053, 85.1587, 92.6553, 98.8585, 95.4254, 3.16228, 6.40312, 0, 6.7082, 10.2956, 4.12311, 66.4831, 67.4759, 70.3491, 39.6989, 38.0132, 34.6554, 21.9545, 16.4012, 22.2036, 34.0147, 35.6931, 32.5576, 40.05, 42.0476, 42.7551, 55.5428, 50.5964, 54.4243, 61.7171, 61.7171, 61.5873, 42.4264, 42.2966, 44.1475, 108.462, 111.427, 107.541, 115.261, 114.14, 119.239, 109.238, 105.38, 103.407, 122.654, 127.769, 123.491, 81.3449, 82.807, 81.5659, 102.416, 102.45, 97.8008, 112.004, 110.422, 113.569, 57.1402, 54.7449, 52.2398, 141.354, 140.72, 144.627],
[60.959, 75.06, 82.7647, 90.2552, 3.16228, 3.60555, 62.514, 34.0588, 16.4012, 29.8329, 36.8782, 48.4665, 57.4282, 40.2616, 103.87, 111.4, 100.663, 120.341, 77.801, 99.5691, 111.198, 59.2284, 141.676, 74, 77, 78.0256, 80.05, 84.3445, 79.8311, 87.1321, 93.3809, 89.8053, 5, 2.82843, 6.7082, 0, 6.08276, 5.09902, 61, 61.9839, 64.7765, 37.6431, 35.3553, 33.0151, 19.105, 14.7648, 20, 28.2843, 30.6757, 27.5136, 34.3657, 36.3456, 37.6431, 50.5964, 46.0977, 50.0899, 57.9828, 57.9828, 58.4123, 37.108, 36.8782, 39.2173, 104.216, 107.019, 103.315, 109.836, 108.908, 114.004, 104.048, 100.02, 98.0612, 118.512, 123.483, 119.101, 79.6492, 81.2158, 80.2122, 101.548, 101.257, 96.7988, 109.225, 107.713, 111.072, 60.8276, 58.9406, 56.0892, 138.773, 138.105, 141.873],
[65.7647, 76.531, 85.1645, 92.4175, 7.28011, 3.16228, 64.5368, 39.4081, 21.9545, 32.6956, 39.5601, 51.8845, 61.8466, 43.0813, 107.331, 113.759, 103.16, 123.891, 83.2346, 105.152, 116, 64.9384, 146.455, 75.2396, 78.2304, 79.404, 82.5651, 86.5852, 82.28, 89.2693, 95.5667, 91.7823, 10.198, 4.12311, 10.2956, 6.08276, 0, 6.40312, 63.3246, 64.2884, 66.9403, 43.0116, 40.4599, 38.5876, 24.4131, 20.6155, 25.5539, 30.6757, 34, 30.8869, 36.6879, 38.6005, 40.7185, 53.7122, 49.7393, 53.8516, 62.2013, 62.2013, 63.0317, 39.9249, 39.5601, 42.4853, 107.824, 110.463, 106.944, 112.058, 111.4, 116.482, 106.607, 102.357, 100.424, 122.188, 127.016, 122.54, 85, 86.6083, 85.703, 107.187, 106.78, 102.396, 113.952, 112.486, 115.966, 66.6108, 64.5368, 61.8142, 143.586, 142.899, 146.578],
[65.437, 80.0999, 87.8635, 95.352, 2.82843, 3.60555, 67.6018, 38.1838, 20.5183, 34.9285, 41.9762, 53.4883, 62.1289, 45.3542, 108.853, 116.499, 105.759, 125.3, 81.6884, 103.228, 115.624, 59.4138, 146.103, 79.0063, 82.0061, 83.0542, 85.1469, 89.4427, 84.9294, 92.228, 98.4784, 94.8947, 5.38516, 3.16228, 4.12311, 5.09902, 6.40312, 0, 66.0984, 67.082, 69.8713, 41.7253, 39.6989, 36.8782, 23.4307, 18.4391, 24.0416, 33.3766, 35.7351, 32.573, 39.4588, 41.4367, 42.72, 55.6597, 51.0784, 55.0364, 62.7694, 62.7694, 63.0079, 42.2019, 41.9762, 44.2719, 109.165, 112.004, 108.259, 114.935, 114.004, 119.101, 109.142, 105.119, 103.16, 123.438, 128.445, 124.085, 83.6301, 85.1469, 84.0238, 105.119, 105, 100.439, 113.701, 112.161, 115.434, 61.2046, 58.8558, 56.3205, 143.178, 142.524, 146.349],
[32.2025, 17, 21.8403, 29.2746, 63.7887, 63.561, 3.60555, 40.8534, 50.04, 31.257, 24.1868, 16.5529, 25.5539, 21.0238, 46.7547, 50.448, 39.8497, 63.2535, 52.6308, 72.1734, 67.0671, 85.9826, 94.8947, 17.8045, 20.2485, 20.1246, 19.3132, 23.3452, 18.9737, 26.1725, 32.3883, 29.0172, 63.3877, 63.3482, 66.4831, 61, 63.3246, 66.0984, 0, 1, 4.12311, 40.2492, 37.6962, 44.0114, 47.0956, 53.0377, 48.2597, 32.7567, 31.0161, 34.0588, 26.6833, 24.7386, 24, 13, 19.6977, 18.6011, 22.8254, 22.8254, 28.6531, 24.0832, 24.1868, 23.0868, 48.0833, 49.679, 47.3814, 48.8365, 48.0833, 53.1601, 43.3244, 39.0512, 37.108, 62.2896, 66.2193, 61.4003, 51.9711, 53.9351, 55.5428, 75.2396, 72.0278, 70.3491, 64.2573, 63.5689, 68.3081, 85.4459, 87.983, 83.5284, 92.5905, 91.7061, 94.1541],
[32.6497, 16.1245, 20.8806, 28.2843, 64.7765, 64.5368, 3.16228, 41.7852, 51.0392, 32.249, 25.1794, 17.4642, 26.0768, 22.0227, 46.0109, 49.4773, 38.8973, 62.482, 52.8867, 72.2496, 66.7308, 86.8217, 94.414, 17.0294, 19.4165, 19.2354, 18.3848, 22.3607, 18.0278, 25.1794, 31.4006, 28.0179, 64.3817, 64.3273, 67.4759, 61.9839, 64.2884, 67.082, 1, 0, 3.16228, 41.1461, 38.6264, 44.9444, 48.0937, 54.037, 49.2544, 33.7343, 32.0156, 35.0571, 27.6586, 25.7099, 25, 13.9284, 20.6155, 19.4165, 23.3238, 23.3238, 29.1548, 25.0799, 25.1794, 24.0832, 47.3814, 48.9183, 46.6905, 47.8539, 47.1275, 52.2015, 42.3792, 38.0789, 36.1386, 61.5549, 65.437, 60.6053, 52.1728, 54.1295, 55.7853, 75.326, 72.0625, 70.4557, 63.9062, 63.2456, 68.0074, 86.267, 88.8369, 84.3801, 92.1303, 91.2414, 93.6483],
[34.9857, 13.0384, 18.3848, 25.4951, 67.6018, 67.2681, 2.82843, 44.9444, 54.0833, 35.1283, 28.0713, 20.6155, 28.6007, 25, 44.5533, 46.8402, 36.4006, 60.8769, 54.7083, 73.5527, 66.7608, 89.8888, 93.9149, 14.1421, 16.4012, 16.1245, 16.1245, 19.6469, 15.6525, 22.3607, 28.6356, 25.0799, 67.2681, 67.082, 70.3491, 64.7765, 66.9403, 69.8713, 4.12311, 3.16228, 0, 44.2832, 41.7852, 48.1041, 51.1566, 57.0789, 52.345, 36.4966, 35, 38.0132, 30.4138, 28.4429, 28.0179, 17.088, 23.7697, 22.4722, 25.807, 25.807, 31.6228, 28.0179, 28.0713, 27.1662, 46.0977, 47.3814, 45.4533, 45.1221, 44.5982, 49.6488, 39.9249, 35.4401, 33.5261, 60.1082, 63.7809, 58.8982, 53.8516, 55.7853, 57.5674, 76.6551, 73.2462, 71.8471, 63.8905, 63.3246, 68.1542, 89.3085, 91.9239, 87.4643, 91.7061, 90.802, 93.0591],
[24.5967, 57.2451, 58.2495, 66.4906, 38.8973, 41.2311, 43.4166, 3.60555, 21.2603, 22.561, 24.1868, 23.7065, 23.3452, 24.2074, 72.1803, 85.2115, 74.2428, 87.8009, 40.2244, 62.2656, 74.2024, 46.2277, 104.637, 57.8014, 60.4152, 60.3738, 55.109, 60.6383, 55.3173, 63.7887, 69.2315, 67.1863, 36.7967, 40.4599, 39.6989, 37.6431, 43.0116, 41.7253, 40.2492, 41.1461, 44.2832, 0, 4.12311, 5.38516, 18.6011, 23.3452, 17.6918, 25.318, 19.6469, 20.0998, 26, 26.8328, 21.6333, 27.2947, 20.5913, 22.1359, 25.0799, 25.0799, 23.0868, 23.3238, 24.1868, 20.6155, 71.8053, 75.3127, 70.8308, 84.4808, 82.0975, 87.0517, 77.1038, 74.5453, 72.5603, 85.44, 90.956, 87.0976, 42.0119, 43.6005, 42.72, 64.4127, 63.8122, 59.5399, 72.4224, 70.8025, 73.8783, 46.0109, 48.0104, 43.6005, 101.671, 101.045, 105],
[25.807, 54.626, 56.5685, 64.7765, 36.8782, 38.8973, 40.7185, 3.16228, 19.2094, 18.4391, 20.2485, 21.1896, 23.4094, 20.5183, 72.0347, 84.0238, 73.0274, 87.9318, 43.0465, 65.2993, 75.9276, 49.5782, 106.405, 55.0091, 57.6975, 57.7754, 53.4603, 58.8558, 53.6004, 61.9839, 67.6018, 65.307, 35, 38.1838, 38.0132, 35.3553, 40.4599, 39.6989, 37.6962, 38.6264, 41.7852, 4.12311, 0, 6.32456, 16.2788, 21.6333, 15.8114, 21.2132, 15.5242, 16.0312, 21.9317, 22.8254, 17.8045, 24.6982, 18.0278, 20.2237, 24.7386, 24.7386, 23.7065, 19.4165, 20.2485, 16.9706, 71.8401, 75.1864, 70.8802, 83.1505, 81, 86.0058, 76, 73.171, 71.1758, 85.703, 91.0934, 87.0919, 44.6542, 46.3249, 45.6508, 67.5426, 66.7308, 62.6099, 74.027, 72.4707, 75.743, 49.4975, 51.225, 46.8615, 103.479, 102.825, 106.668],
[29.9666, 60.9262, 62.8013, 71.0211, 34.0588, 36.6197, 47.0106, 3.16228, 16.6433, 22.3607, 25.4951, 27.5136, 28.6356, 26.2488, 77.4661, 90.0888, 79.1012, 93.1451, 44.8219, 66.5733, 79.404, 43.8406, 109.809, 61.2699, 63.9766, 64.0781, 59.6825, 65.1153, 59.8415, 68.2495, 73.8241, 71.5891, 31.8277, 35.805, 34.6554, 33.0151, 38.5876, 36.8782, 44.0114, 44.9444, 48.1041, 5.38516, 6.32456, 0, 14.3178, 18.4391, 13.0384, 24.6982, 19.7231, 19.3132, 26.6271, 27.8029, 23.3452, 31.0161, 24.3516, 26.4764, 30.2655, 30.2655, 28.4605, 24.7588, 25.4951, 22.8035, 77.1298, 80.604, 76.1577, 89.2749, 87.023, 92.0054, 82.0244, 79.3095, 77.3175, 90.802, 96.3016, 92.4175, 46.7547, 48.2701, 47.2017, 68.6003, 68.2422, 63.8122, 77.666, 76.0263, 79.0253, 43.9318, 45.3431, 41.0366, 106.827, 106.212, 110.209],
[42.0119, 62.9682, 68.0661, 76.0066, 20.6155, 22.6716, 49.366, 15, 3.16228, 17.4642, 23.7697, 32.249, 38.9487, 26.3059, 86.6487, 96.421, 85.4751, 102.883, 58.8218, 80.7775, 92.1954, 50.6063, 122.674, 62.5859, 65.5134, 66.0984, 65.123, 70.0071, 65.0692, 73, 79.0253, 76.0263, 18.868, 21.9317, 21.9545, 19.105, 24.4131, 23.4307, 47.0956, 48.0937, 51.1566, 18.6011, 16.2788, 14.3178, 0, 6.08276, 2.23607, 18.0278, 16.4924, 13.9284, 22.8473, 24.6982, 23.1948, 35.0571, 29.4279, 32.9848, 39.8121, 39.8121, 39.6611, 23.5372, 23.7697, 24.0208, 86.7295, 89.8109, 85.7963, 95.1893, 93.6483, 98.732, 88.6848, 85.2115, 83.2166, 100.846, 106.042, 101.843, 60.6053, 62.2013, 61.2944, 82.8553, 82.3772, 78.032, 90.2718, 88.7299, 92.0217, 51.4296, 51.3128, 47.5079, 119.754, 119.097, 122.919],
[47.4342, 68.7314, 74.108, 82.0244, 15.6205, 18.3576, 55.2268, 19.8494, 3, 22.8035, 29.4279, 38.3275, 44.7214, 32.1403, 92.6553, 102.489, 91.5478, 108.849, 63.2535, 84.8764, 97.4526, 48.8467, 127.914, 68.2495, 71.1969, 71.8471, 71.1758, 76.0263, 71.1126, 79.0063, 85.0529, 82.0061, 13.4536, 17.4929, 16.4012, 14.7648, 20.6155, 18.4391, 53.0377, 54.037, 57.0789, 23.3452, 21.6333, 18.4391, 6.08276, 0, 5.83095, 22.8473, 22.2036, 19.4165, 28.1603, 30.0832, 29.0689, 41.1096, 35.5106, 39.0512, 45.6946, 45.6946, 45.2769, 29.2746, 29.4279, 30, 92.6984, 95.8175, 91.7606, 101.242, 99.7246, 104.809, 94.7629, 91.2688, 89.2749, 106.775, 112.009, 107.838, 65.192, 66.7083, 65.6049, 86.8217, 86.6083, 82.0975, 95.6033, 94.0213, 97.1854, 49.98, 49.1935, 45.6946, 124.964, 124.326, 128.226],
[41.6173, 64.3273, 69.0072, 77.0065, 21.2132, 23.6008, 50.636, 14.1421, 3.60555, 19.2354, 25.2982, 33.0606, 38.9102, 27.6586, 86.977, 97.2523, 86.2844, 103.121, 57.8014, 79.6116, 91.6788, 48.3735, 122.147, 64.0312, 66.9403, 67.4685, 66.0303, 71.007, 66.0076, 74.027, 80, 77.1038, 19.2094, 22.8035, 22.2036, 20, 25.5539, 24.0416, 48.2597, 49.2544, 52.345, 17.6918, 15.8114, 13.0384, 2.23607, 5.83095, 0, 20, 18.0278, 15.6525, 24.5967, 26.4008, 24.5153, 36, 30.1496, 33.541, 39.9249, 39.9249, 39.4462, 25, 25.2982, 25.1794, 86.977, 90.1388, 86.0349, 96.0833, 94.4299, 99.5038, 89.4539, 86.093, 84.0952, 101.02, 106.283, 102.142, 59.6657, 61.2209, 60.2163, 81.6333, 81.2711, 76.8505, 89.8109, 88.2383, 91.4385, 49.1935, 49.0918, 45.2769, 119.206, 118.562, 122.442],
[40.2492, 47.0106, 54.5711, 61.9839, 31.1448, 30.8058, 34.2345, 22.8035, 20.1246, 3.16228, 8.94427, 22.0227, 34.6699, 12.53, 77.026, 83.1986, 72.5328, 93.6483, 61.0328, 83.4865, 89.0225, 67.2012, 119.097, 46.1736, 49.163, 50.04, 51.923, 56.0892, 51.6624, 58.8558, 65.1153, 61.5224, 31, 30.5941, 34.0147, 28.2843, 30.6757, 33.3766, 32.7567, 33.7343, 36.4966, 25.318, 21.2132, 24.6982, 18.0278, 22.8473, 20, 0, 6.08276, 5.38516, 6.08276, 8.06226, 10.6301, 23.3238, 20.5183, 24.7588, 34.2053, 34.2053, 36.7151, 9.43398, 8.94427, 12.7279, 77.6981, 80.1311, 76.8505, 81.5843, 80.7775, 85.8662, 75.9605, 71.8053, 69.857, 92.1141, 96.7471, 92.1792, 62.0322, 63.9062, 63.8905, 86.0233, 84.5044, 80.9568, 86.6833, 85.4283, 89.4036, 67.6757, 68.2495, 64.2028, 116.387, 115.624, 118.929],
[34.4819, 46.5296, 52.469, 60.208, 33.2415, 33.6155, 33.0606, 17.4642, 19.2354, 3, 7.28011, 17.8885, 29.2062, 10, 73.3485, 81.0494, 70.214, 89.8944, 55.0273, 77.4919, 83.7377, 63.1269, 113.952, 46.0977, 49.0306, 49.6488, 49.6488, 54.231, 49.4975, 57.1402, 63.2851, 60.0333, 32.5576, 33.2415, 35.6931, 30.6757, 34, 35.7351, 31.0161, 32.0156, 35, 19.6469, 15.5242, 19.7231, 16.4924, 22.2036, 18.0278, 6.08276, 0, 3.16228, 7.07107, 8.60233, 7.07107, 19.9249, 15.8114, 20, 29, 29, 31.0644, 7.07107, 7.28011, 8.544, 73.8241, 76.4853, 72.9452, 79.6304, 78.4474, 83.5464, 73.5459, 69.7209, 67.7422, 88.193, 93.0215, 88.5664, 56.0803, 57.9396, 57.8705, 80.0062, 78.5493, 74.9466, 81.4678, 80.1561, 84.0238, 63.4114, 64.3817, 60.208, 111.198, 110.454, 113.864],
[36.8917, 49.366, 55.5788, 63.2851, 30.0832, 30.4631, 36.0139, 17.4642, 16.4924, 3.60555, 10.0499, 21.0238, 31.8904, 13.0384, 76.4853, 84.1724, 73.3485, 93.0215, 57.0088, 79.4796, 86.4523, 62.0081, 116.726, 48.8365, 51.788, 52.469, 52.7731, 57.3149, 52.6118, 60.208, 66.3702, 63.0714, 29.4279, 30.0832, 32.5576, 27.5136, 30.8869, 32.573, 34.0588, 35.0571, 38.0132, 20.0998, 16.0312, 19.3132, 13.9284, 19.4165, 15.6525, 5.38516, 3.16228, 0, 8.94427, 10.7703, 10.198, 23.0868, 18.868, 23.0217, 31.8277, 31.8277, 33.6006, 10, 10.0499, 11.7047, 76.9415, 79.6241, 76.0592, 82.7345, 81.5843, 86.6833, 76.6877, 72.8354, 70.859, 91.3017, 96.1509, 91.7061, 58.1808, 60.0083, 59.808, 81.9329, 80.6226, 76.896, 84.2199, 82.8794, 86.6833, 62.426, 63.1269, 59.0339, 113.952, 113.217, 116.675],
[37, 41.0488, 48.5077, 55.9017, 37.2156, 36.8782, 28.1603, 24.1868, 25.2982, 5.38516, 3.60555, 17.0294, 30.8707, 7.07107, 71.3442, 77.1298, 66.4831, 87.983, 58.4637, 80.7775, 84.6286, 70.1783, 114.477, 40.3113, 43.2897, 44.1022, 45.8803, 50.01, 45.607, 52.7731, 59.0339, 55.4437, 37.0135, 36.6742, 40.05, 34.3657, 36.6879, 39.4588, 26.6833, 27.6586, 30.4138, 26, 21.9317, 26.6271, 22.8473, 28.1603, 24.5967, 6.08276, 7.07107, 8.94427, 0, 2, 6.32456, 17.8045, 16.1245, 20.2485, 30.0167, 30.0167, 33.2415, 4.47214, 3.60555, 8.544, 72.111, 74.4312, 71.2811, 75.505, 74.7262, 79.8123, 69.9214, 65.7343, 63.7887, 86.5332, 91.0659, 86.4523, 59.203, 61.131, 61.3922, 83.4326, 81.6088, 78.339, 82.201, 81.0247, 85.1469, 70.4344, 71.4493, 67.2681, 111.826, 111.041, 114.215],
[36.4006, 39.0512, 46.5725, 53.9351, 39.2046, 38.833, 26.1725, 25.2389, 27.2029, 7.28011, 3, 15.8114, 30.0832, 5.83095, 69.6419, 75.1864, 64.5601, 86.2844, 58.0517, 80.2808, 83.4865, 71.5052, 113.23, 38.3275, 41.3038, 42.107, 43.9659, 48.0521, 43.6807, 50.8035, 57.0701, 53.4603, 39.0128, 38.6394, 42.0476, 36.3456, 38.6005, 41.4367, 24.7386, 25.7099, 28.4429, 26.8328, 22.8254, 27.8029, 24.6982, 30.0832, 26.4008, 8.06226, 8.60233, 10.7703, 2, 0, 6, 16.2788, 15.2315, 19.2354, 29.0689, 29.0689, 32.573, 4, 3, 8.06226, 70.4557, 72.7186, 69.6348, 73.5459, 72.8011, 77.8845, 68.0074, 63.7887, 61.8466, 84.8764, 89.3588, 84.7231, 58.6941, 60.6383, 61, 82.9759, 81.0432, 77.8781, 81.0247, 79.8812, 84.0595, 71.7008, 72.8354, 68.6222, 110.603, 109.809, 112.929],
[30.6757, 39.8121, 45.3982, 53.1507, 40.2616, 40.4969, 26.1725, 20.5183, 26.0768, 8.06226, 3, 11.4018, 24.5967, 3.16228, 66.6483, 73.9797, 63.1506, 83.2406, 52.1728, 74.4648, 78.6003, 67.1789, 108.577, 39.5601, 42.45, 42.9535, 42.5793, 47.1699, 42.4264, 50.0899, 56.2228, 53.0094, 39.6232, 40.1622, 42.7551, 37.6431, 40.7185, 42.72, 24, 25, 28.0179, 21.6333, 17.8045, 23.3452, 23.1948, 29.0689, 24.5153, 10.6301, 7.07107, 10.198, 6.32456, 6, 0, 13, 10, 14.2127, 23.8537, 23.8537, 26.9258, 2, 3, 2.23607, 67.2309, 69.7711, 66.3702, 72.5603, 71.3863, 76.4853, 66.4906, 62.6498, 60.6712, 81.6333, 86.3539, 81.8413, 52.8867, 54.8179, 55.109, 77.1298, 75.2861, 72.0347, 76.2168, 75, 79.0569, 67.2086, 68.6804, 64.3817, 105.891, 105.119, 108.374],
[24.0832, 29.9666, 33.0151, 41.0122, 53.1601, 53.4883, 16.1245, 27.8568, 38.1182, 21.0238, 14.4222, 3.60555, 17.0294, 10.8167, 53.7122, 61.4003, 50.4876, 70.3278, 46.0109, 67.3647, 67.7422, 73.2393, 97.2008, 30.5287, 33.121, 33.1059, 30.0666, 35.0143, 30.0167, 38.0526, 44, 41.1947, 52.3927, 53.1413, 55.5428, 50.5964, 53.7122, 55.6597, 13, 13.9284, 17.088, 27.2947, 24.6982, 31.0161, 35.0571, 41.1096, 36, 23.3238, 19.9249, 23.0868, 17.8045, 16.2788, 13, 0, 6.7082, 6.7082, 15.0333, 15.0333, 20.0998, 13.8924, 14.4222, 11.4018, 54.3783, 56.8243, 53.535, 60.1332, 58.6941, 63.7887, 53.7587, 50.1597, 48.1664, 68.7968, 73.4302, 68.884, 46.0435, 48.0416, 49.0102, 70.2567, 67.7422, 65.192, 65.192, 64.1405, 68.4763, 72.8011, 75.1665, 70.7248, 94.6256, 93.8136, 96.8298],
[21.3776, 36.6742, 39.0512, 47.1699, 48.4665, 49.1935, 22.8254, 21.1896, 32.5576, 17.6918, 12.53, 3.16228, 14.8661, 9.48683, 57.7754, 67.1193, 56.1427, 74.2496, 43.2897, 65.307, 68.6003, 66.6108, 98.5951, 37.2156, 39.8246, 39.8121, 36.0139, 41.1947, 36.0555, 44.2832, 50.0899, 47.5184, 47.4342, 48.7545, 50.5964, 46.0977, 49.7393, 51.0784, 19.6977, 20.6155, 23.7697, 20.5913, 18.0278, 24.3516, 29.4279, 35.5106, 30.1496, 20.5183, 15.8114, 18.868, 16.1245, 15.2315, 10, 6.7082, 0, 4.24264, 13.8924, 13.8924, 17.4642, 11.6619, 12.53, 7.81025, 58.1378, 60.9262, 57.2451, 66.0076, 64.2806, 69.3542, 59.3043, 56.0089, 54.0093, 72.4707, 77.3886, 73.0069, 43.7379, 45.7056, 46.2709, 68.0661, 65.9697, 62.9682, 66.2193, 65, 69.0652, 66.2193, 68.5055, 64.0703, 95.901, 95.1315, 98.4124],
[18.0278, 35.5106, 36.3456, 44.5533, 52.3927, 53.2353, 22.0227, 23.3452, 36.1386, 21.9317, 16.6433, 4, 11.1803, 13.4164, 53.8516, 64.0078, 53.0094, 70.2638, 40.05, 61.8142, 64.405, 67.4166, 94.3663, 36.4006, 38.833, 38.5876, 33.2415, 38.6394, 33.3766, 41.7732, 47.3814, 45.1221, 51.264, 52.7731, 54.4243, 50.0899, 53.8516, 55.0364, 18.6011, 19.4165, 22.4722, 22.1359, 20.2237, 26.4764, 32.9848, 39.0512, 33.541, 24.7588, 20, 23.0217, 20.2485, 19.2354, 14.2127, 6.7082, 4.24264, 0, 9.84886, 9.84886, 14.0357, 15.8114, 16.6433, 12.0416, 54.1295, 57.0088, 53.2259, 63.0317, 61.0737, 66.1211, 56.0803, 53.0377, 51.0392, 68.4251, 73.4098, 69.0797, 40.3113, 42.2966, 43.0465, 64.6297, 62.3699, 59.5399, 62.0081, 60.803, 64.8999, 66.8506, 69.4622, 65, 91.6788, 90.9065, 94.1754],
[9.48683, 38.2099, 34.9285, 43.0813, 60.0333, 61.2944, 26.4197, 27.4591, 42.9535, 31.241, 26.4197, 13.6015, 2.82843, 23.2594, 47.2969, 60.531, 49.6488, 63.2456, 31.0644, 52.345, 54.8179, 66.7083, 84.9588, 39.8246, 41.7732, 41.0122, 31.7805, 37.5766, 32.2025, 40.7185, 45.5412, 44.2832, 58.5918, 60.7454, 61.7171, 57.9828, 62.2013, 62.7694, 22.8254, 23.3238, 25.807, 25.0799, 24.7386, 30.2655, 39.8121, 45.6946, 39.9249, 34.2053, 29, 31.8277, 30.0167, 29.0689, 23.8537, 15.0333, 13.8924, 9.84886, 0, 0, 5.83095, 25.5539, 26.4197, 21.6333, 47.1275, 50.448, 46.1736, 60.0167, 57.3149, 62.2013, 52.345, 50.2195, 48.2701, 61.0983, 66.4078, 62.3618, 31.0161, 33.0151, 34.0588, 55.2268, 52.7731, 50.1597, 52.4976, 51.225, 55.2178, 65.7419, 69.0797, 64.622, 82.2192, 81.4678, 84.8646],
[9.48683, 38.2099, 34.9285, 43.0813, 60.0333, 61.2944, 26.4197, 27.4591, 42.9535, 31.241, 26.4197, 13.6015, 2.82843, 23.2594, 47.2969, 60.531, 49.6488, 63.2456, 31.0644, 52.345, 54.8179, 66.7083, 84.9588, 39.8246, 41.7732, 41.0122, 31.7805, 37.5766, 32.2025, 40.7185, 45.5412, 44.2832, 58.5918, 60.7454, 61.7171, 57.9828, 62.2013, 62.7694, 22.8254, 23.3238, 25.807, 25.0799, 24.7386, 30.2655, 39.8121, 45.6946, 39.9249, 34.2053, 29, 31.8277, 30.0167, 29.0689, 23.8537, 15.0333, 13.8924, 9.84886, 0, 0, 5.83095, 25.5539, 26.4197, 21.6333, 47.1275, 50.448, 46.1736, 60.0167, 57.3149, 62.2013, 52.345, 50.2195, 48.2701, 61.0983, 66.4078, 62.3618, 31.0161, 33.0151, 34.0588, 55.2268, 52.7731, 50.1597, 52.4976, 51.225, 55.2178, 65.7419, 69.0797, 64.622, 82.2192, 81.4678, 84.8646],
[4, 43.9318, 39.8246, 47.8539, 60.2163, 61.8466, 32.249, 26, 42.72, 33.6155, 29.7321, 18.0278, 3.16228, 26.9258, 49.366, 64.3273, 53.6004, 64.7611, 26.0192, 47.8539, 53.0377, 62.0322, 83.4506, 45.607, 47.5079, 46.6905, 36.7151, 42.5441, 37.2156, 45.6508, 50.1597, 49.2443, 58.5235, 61.2209, 61.5873, 58.4123, 63.0317, 63.0079, 28.6531, 29.1548, 31.6228, 23.0868, 23.7065, 28.4605, 39.6611, 45.2769, 39.4462, 36.7151, 31.0644, 33.6006, 33.2415, 32.573, 26.9258, 20.0998, 17.4642, 14.0357, 5.83095, 5.83095, 0, 28.7924, 29.7321, 24.6982, 48.8365, 52.469, 47.8539, 64.0312, 61, 65.7647, 56.0892, 54.4059, 52.4976, 62.3618, 67.9117, 64.1327, 26.3059, 28.2843, 29.0172, 50.636, 48.5077, 45.5412, 50.9313, 49.4975, 53.1507, 60.9262, 64.5136, 60.0833, 80.6102, 79.9062, 83.5464],
[32.573, 39.4588, 45.7056, 53.3385, 39.8121, 39.8497, 26.0192, 22.0227, 26.3059, 7.28011, 1, 12.7279, 26.4008, 3.16228, 67.6018, 74.3303, 63.561, 84.2199, 54.1295, 76.4003, 80.2122, 68.593, 110.114, 39.0512, 41.9762, 42.5793, 42.9535, 47.3814, 42.7551, 50.2494, 56.4358, 53.0848, 39.3192, 39.5601, 42.4264, 37.108, 39.9249, 42.2019, 24.0832, 25.0799, 28.0179, 23.3238, 19.4165, 24.7588, 23.5372, 29.2746, 25, 9.43398, 7.07107, 10, 4.47214, 4, 2, 13.8924, 11.6619, 15.8114, 25.5539, 25.5539, 28.7924, 0, 1, 4.12311, 68.2642, 70.7107, 67.4166, 72.8354, 71.8053, 76.9025, 66.9403, 62.9682, 61, 82.6801, 87.3212, 82.7647, 54.8179, 56.7539, 57.0701, 79.0759, 77.201, 73.9797, 77.801, 76.6094, 80.7094, 68.6804, 70.0357, 65.7647, 107.448, 106.668, 109.877],
[33.5261, 39.3192, 45.8912, 53.4603, 39.6232, 39.5601, 26, 22.8035, 26.4764, 7.07107, 0, 13.4536, 27.313, 3.60555, 68.0955, 74.5252, 63.7887, 84.7231, 55.109, 77.3692, 81.0247, 69.3109, 110.887, 38.833, 41.7732, 42.4264, 43.1741, 47.5184, 42.9535, 50.3587, 56.5685, 53.1507, 39.2046, 39.2938, 42.2966, 36.8782, 39.5601, 41.9762, 24.1868, 25.1794, 28.0713, 24.1868, 20.2485, 25.4951, 23.7697, 29.4279, 25.2982, 8.94427, 7.28011, 10.0499, 3.60555, 3, 3, 14.4222, 12.53, 16.6433, 26.4197, 26.4197, 29.7321, 1, 0, 5.09902, 68.7968, 71.1969, 67.9559, 72.9931, 72.0347, 77.1298, 67.1863, 63.1506, 61.1882, 83.2166, 87.818, 83.2406, 55.7853, 57.7235, 58.0517, 80.05, 78.1601, 74.9533, 78.6003, 77.4209, 81.5414, 69.4262, 70.7248, 66.468, 108.231, 107.448, 110.635],
[28.4605, 39.2938, 44.1814, 52.0384, 41.7612, 42.1545, 25.4951, 19.8494, 27, 10, 5.09902, 9.43398, 22.3607, 3.60555, 64.846, 72.6911, 61.8142, 81.4125, 50.01, 72.2772, 76.4003, 66.5282, 106.405, 39.2173, 42.0595, 42.45, 41.3038, 46.0435, 41.1947, 49.0102, 55.0818, 52.0096, 41, 41.7852, 44.1475, 39.2173, 42.4853, 44.2719, 23.0868, 24.0832, 27.1662, 20.6155, 16.9706, 22.8035, 24.0208, 30, 25.1794, 12.7279, 8.544, 11.7047, 8.544, 8.06226, 2.23607, 11.4018, 7.81025, 12.0416, 21.6333, 21.6333, 24.6982, 4.12311, 5.09902, 0, 65.3682, 67.9779, 64.4981, 71.3442, 70.0357, 75.1332, 65.1153, 61.4003, 59.4138, 79.7559, 84.534, 80.0562, 50.6952, 52.6308, 52.9528, 74.9533, 73.0821, 69.857, 74.027, 72.8011, 76.844, 66.468, 68.1175, 63.7809, 103.711, 102.942, 106.217],
[48.2597, 46.0977, 30.8707, 30.4138, 106.513, 107.331, 48.9183, 74.4648, 89.8888, 75.2928, 68.7968, 55.9464, 48.5077, 65.192, 3.16228, 26.6271, 22.3607, 16.1555, 49.98, 54.4518, 31.0161, 106.794, 50.448, 49.2443, 48.1041, 45.8803, 31.3847, 31.9531, 32.249, 32.0156, 29.0689, 33.3766, 105.309, 106.888, 108.462, 104.216, 107.824, 109.165, 48.0833, 47.3814, 46.0977, 71.8053, 71.8401, 77.1298, 86.7295, 92.6984, 86.977, 77.6981, 73.8241, 76.9415, 72.111, 70.4557, 67.2309, 54.3783, 58.1378, 54.1295, 47.1275, 47.1275, 48.8365, 68.2642, 68.7968, 65.3682, 0, 4.47214, 1, 28.6531, 23.3238, 25.4951, 21.1896, 25.318, 25.0799, 14.4222, 19.3132, 15.2971, 47.1699, 47.927, 51.0784, 57.28, 52.345, 54.5619, 28.2312, 29.0689, 33.6155, 105.076, 109.659, 105.475, 48.8365, 47.8539, 49.0408],
[52.0865, 46.1411, 31.0644, 29.4109, 109.385, 110.073, 50.2096, 77.8781, 92.9731, 77.8267, 71.1969, 58.6003, 51.9711, 67.6018, 3.16228, 22.8254, 20, 13.6015, 54.4243, 58.7282, 34.4384, 111.018, 51.6236, 49.2443, 47.8539, 45.618, 32.0156, 31.7648, 32.8024, 31.3847, 27.6586, 32.28, 108.268, 109.659, 111.427, 107.019, 110.463, 112.004, 49.679, 48.9183, 47.3814, 75.3127, 75.1864, 80.604, 89.8109, 95.8175, 90.1388, 80.1311, 76.4853, 79.6241, 74.4312, 72.7186, 69.7711, 56.8243, 60.9262, 57.0088, 50.448, 50.448, 52.469, 70.7107, 71.1969, 67.9779, 4.47214, 0, 5.38516, 25.0799, 19.6977, 21.4009, 18.2483, 23, 23.0868, 12.8062, 16.6433, 12.083, 51.6236, 52.3927, 55.5428, 61.5224, 56.5685, 58.8982, 31.7648, 32.7567, 37.1214, 109.33, 113.864, 109.659, 50.2494, 49.2544, 50.01],
[47.2652, 45.6946, 30.4631, 30.2655, 105.603, 106.438, 48.2701, 73.4983, 88.955, 74.4312, 67.9559, 55.0727, 47.5395, 64.3506, 3.60555, 27.2029, 22.561, 17.088, 49.0408, 53.7401, 30.6757, 105.802, 50.6952, 48.8467, 47.7598, 45.5412, 30.8869, 31.6228, 31.7648, 31.7805, 29.0172, 33.2415, 104.389, 105.991, 107.541, 103.315, 106.944, 108.259, 47.3814, 46.6905, 45.4533, 70.8308, 70.8802, 76.1577, 85.7963, 91.7606, 86.0349, 76.8505, 72.9452, 76.0592, 71.2811, 69.6348, 66.3702, 53.535, 57.2451, 53.2259, 46.1736, 46.1736, 47.8539, 67.4166, 67.9559, 64.4981, 1, 5.38516, 0, 29.1548, 23.8537, 26.1725, 21.5407, 25.4951, 25.1794, 15.2643, 20.2485, 16.2788, 46.2385, 47.0106, 50.1597, 56.5862, 51.6624, 53.8145, 27.8568, 28.6356, 33.2415, 104.087, 108.665, 104.48, 49.0306, 48.0521, 49.3356],
[65.146, 37.1214, 27.1662, 19.6469, 112.614, 112.379, 47.5395, 86.209, 98.2497, 80.0625, 72.9931, 63.0317, 62.3699, 69.7209, 25.5539, 3.16228, 10.4403, 31.0161, 74.0608, 82.3286, 59.5063, 125.873, 74.027, 39.4462, 36.8917, 34.9857, 30.0666, 25.4951, 30.1496, 22.8035, 16.4924, 20.6155, 112.147, 112.178, 115.261, 109.836, 112.058, 114.935, 48.8365, 47.8539, 45.1221, 84.4808, 83.1505, 89.2749, 95.1893, 101.242, 96.0833, 81.5843, 79.6304, 82.7345, 75.505, 73.5459, 72.5603, 60.1332, 66.0076, 63.0317, 60.0167, 60.0167, 64.0312, 72.8354, 72.9931, 71.3442, 28.6531, 25.0799, 29.1548, 0, 5.38516, 6.7082, 8.60233, 10, 12, 33.0606, 32.249, 28.0179, 71.6101, 72.8011, 75.8024, 85.276, 80.4301, 82.134, 56.7979, 57.7062, 62.1691, 124.595, 128.445, 124.04, 73.171, 72.1734, 72],
[61.8466, 38.0132, 26.2488, 19.7231, 111.611, 111.571, 47.1699, 84.006, 96.7471, 79.0759, 72.0347, 61.4003, 59.5399, 68.6586, 20.2485, 3.60555, 8.24621, 26.1725, 69.6419, 77.2334, 54.1295, 122.528, 69, 40.6079, 38.2884, 36.2353, 28.8617, 25.0799, 29.1204, 22.8254, 16.6433, 21.4009, 111.005, 111.324, 114.14, 108.908, 111.4, 114.004, 48.0833, 47.1275, 44.5982, 82.0975, 81, 87.023, 93.6483, 99.7246, 94.4299, 80.7775, 78.4474, 81.5843, 74.7262, 72.8011, 71.3863, 58.6941, 64.2806, 61.0737, 57.3149, 57.3149, 61, 71.8053, 72.0347, 70.0357, 23.3238, 19.6977, 23.8537, 5.38516, 0, 5.09902, 5, 9.43398, 11.1803, 28, 27.6586, 23.1948, 67.1193, 68.2422, 71.2811, 80.1561, 75.2861, 77.1038, 51.4296, 52.3546, 56.7979, 121.165, 125.16, 120.785, 68.0661, 67.0671, 67.0298],
[66.4906, 42.72, 31.3209, 24.5967, 116.709, 116.662, 52.2015, 89, 101.833, 84.1724, 77.1298, 66.4831, 64.3817, 73.7564, 22.6274, 3.60555, 13.3417, 25.0799, 73.4302, 79.9062, 55.5698, 127.094, 68.1836, 45.2217, 42.8019, 40.8044, 33.9559, 30.0832, 34.2053, 27.7308, 21.4709, 26.0768, 116.103, 116.417, 119.239, 114.004, 116.482, 119.101, 53.1601, 52.2015, 49.6488, 87.0517, 86.0058, 92.0054, 98.732, 104.809, 99.5038, 85.8662, 83.5464, 86.6833, 79.8123, 77.8845, 76.4853, 63.7887, 69.3542, 66.1211, 62.2013, 62.2013, 65.7647, 76.9025, 77.1298, 75.1332, 25.4951, 21.4009, 26.1725, 6.7082, 5.09902, 0, 10.0499, 14.3178, 16.1555, 27.4591, 26.0192, 22.0907, 70.8308, 71.8679, 74.9466, 82.7587, 77.8332, 79.9312, 53, 54.0833, 58.3095, 125.686, 129.757, 125.399, 67.4759, 66.4831, 66.0681],
[57.0088, 34.0588, 21.5407, 15.6205, 106.733, 106.738, 42.5441, 79.0063, 91.7878, 74.2159, 67.1863, 56.4358, 54.5894, 63.7887, 18.0278, 8.24621, 3.60555, 27.2029, 65.4599, 74.027, 52.2015, 117.72, 69.1809, 36.7967, 34.6554, 32.5269, 24.0416, 20.5913, 24.3516, 18.6011, 12.7279, 17.6918, 106.099, 106.48, 109.238, 104.048, 106.607, 109.142, 43.3244, 42.3792, 39.9249, 77.1038, 76, 82.0244, 88.6848, 94.7629, 89.4539, 75.9605, 73.5459, 76.6877, 69.9214, 68.0074, 66.4906, 53.7587, 59.3043, 56.0803, 52.345, 52.345, 56.0892, 66.9403, 67.1863, 65.1153, 21.1896, 18.2483, 21.5407, 8.60233, 5, 10.0499, 0, 5.83095, 7.07107, 28.4429, 29.1548, 24.3516, 63.0079, 64.2028, 67.2012, 77.0065, 72.2011, 73.7564, 49.3964, 50.1597, 54.7814, 116.387, 120.333, 115.948, 68.0294, 67.0298, 67.3647],
[55.7136, 28.6007, 17.2627, 10.2956, 102.772, 102.611, 37.9473, 76.2365, 88.278, 70.214, 63.1506, 53.0377, 52.6308, 59.8415, 22.2036, 11.4018, 3, 32.8938, 66.0681, 76.2758, 56.0446, 116.379, 74.4312, 31.241, 29, 26.9072, 20.0998, 15.8114, 20.2237, 13.4164, 7.2111, 12.0416, 102.259, 102.391, 105.38, 100.02, 102.357, 105.119, 39.0512, 38.0789, 35.4401, 74.5453, 73.171, 79.3095, 85.2115, 91.2688, 86.093, 71.8053, 69.7209, 72.8354, 65.7343, 63.7887, 62.6498, 50.1597, 56.0089, 53.0377, 50.2195, 50.2195, 54.4059, 62.9682, 63.1506, 61.4003, 25.318, 23, 25.4951, 10, 9.43398, 14.3178, 5.83095, 0, 2, 33.9559, 34.9285, 30.0832, 63.7809, 65.1153, 68.0147, 79.3221, 74.6257, 75.8024, 53.1601, 53.7587, 58.5235, 115.169, 118.903, 114.481, 73.171, 72.1734, 72.6911],
[53.8516, 27.0185, 15.2971, 8.60233, 100.807, 100.663, 36.0555, 74.2428, 86.2844, 68.2495, 61.1882, 51.0392, 50.6952, 57.8705, 22.0227, 13.3417, 3.60555, 33.6155, 64.5368, 75.1665, 55.5428, 114.49, 74.6726, 29.7321, 27.5862, 25.4558, 18.1108, 13.9284, 18.2483, 11.6619, 5.65685, 10.6301, 100.285, 100.439, 103.407, 98.0612, 100.424, 103.16, 37.108, 36.1386, 33.5261, 72.5603, 71.1758, 77.3175, 83.2166, 89.2749, 84.0952, 69.857, 67.7422, 70.859, 63.7887, 61.8466, 60.6712, 48.1664, 54.0093, 51.0392, 48.2701, 48.2701, 52.4976, 61, 61.1882, 59.4138, 25.0799, 23.0868, 25.1794, 12, 11.1803, 16.1555, 7.07107, 2, 0, 34.4819, 35.7771, 30.8707, 62.2896, 63.6553, 66.5282, 78.2304, 73.5731, 74.6324, 52.6308, 53.1601, 57.9741, 113.296, 117.004, 112.579, 73.3348, 72.3395, 72.9931],
[61.3922, 58.8303, 43.8292, 41.6293, 120.768, 121.655, 62.9365, 88.2327, 104, 89.6939, 83.2166, 70.3278, 62.2977, 79.6116, 15.5563, 30.1496, 31.0483, 3.60555, 59.6825, 59.1693, 31.1448, 118.106, 41, 61.9112, 60.4152, 58.1808, 44.8219, 44.4185, 45.607, 43.8292, 39.5601, 44.3847, 119.507, 121.198, 122.654, 118.512, 122.188, 123.438, 62.2896, 61.5549, 60.1082, 85.44, 85.703, 90.802, 100.846, 106.775, 101.02, 92.1141, 88.193, 91.3017, 86.5332, 84.8764, 81.6333, 68.7968, 72.4707, 68.4251, 61.0983, 61.0983, 62.3618, 82.6801, 83.2166, 79.7559, 14.4222, 12.8062, 15.2643, 33.0606, 28, 27.4591, 28.4429, 33.9559, 34.4819, 0, 6.08276, 5.83095, 56.7186, 57.0701, 60.208, 61.5873, 56.6039, 59.9416, 29.2062, 30.8058, 33.9706, 116.211, 121.066, 117.017, 40.1123, 39.1152, 39.0512],
[67.082, 61.4003, 46.7547, 43.566, 125.801, 126.574, 66.6033, 93.6803, 109.202, 94.414, 87.818, 75.1332, 67.72, 84.2199, 19.7231, 29.1548, 32.2025, 3.16228, 65.7647, 64.8845, 36.4006, 124.145, 42.4264, 64.405, 62.6817, 60.4649, 48.0833, 47.0106, 48.7955, 46.0435, 41.1825, 46.1411, 124.615, 126.143, 127.769, 123.483, 127.016, 128.445, 66.2193, 65.437, 63.7809, 90.956, 91.0934, 96.3016, 106.042, 112.009, 106.283, 96.7471, 93.0215, 96.1509, 91.0659, 89.3588, 86.3539, 73.4302, 77.3886, 73.4098, 66.4078, 66.4078, 67.9117, 87.3212, 87.818, 84.534, 19.3132, 16.6433, 20.2485, 32.249, 27.6586, 26.0192, 29.1548, 34.9285, 35.7771, 6.08276, 0, 5, 62.8013, 63.1506, 66.2873, 67.2309, 62.2656, 65.7419, 34.6699, 36.3593, 39.2046, 122.262, 127.098, 123.037, 41.9762, 41, 40.1995],
[63.5059, 56.4004, 41.7732, 38.5876, 121.462, 122.156, 61.7171, 89.7385, 105.005, 89.8944, 83.2406, 70.6824, 63.7887, 79.6492, 15.2315, 25, 27.313, 3, 63.561, 64.3506, 36.7696, 121.413, 46.0977, 59.4054, 57.6888, 55.4707, 43.1393, 42.0119, 43.8406, 41.0488, 36.2353, 41.1825, 120.333, 121.742, 123.491, 119.101, 122.54, 124.085, 61.4003, 60.6053, 58.8982, 87.0976, 87.0919, 92.4175, 101.843, 107.838, 102.142, 92.1792, 88.5664, 91.7061, 86.4523, 84.7231, 81.8413, 68.884, 73.0069, 69.0797, 62.3618, 62.3618, 64.1327, 82.7647, 83.2406, 80.0562, 15.2971, 12.083, 16.2788, 28.0179, 23.1948, 22.0907, 24.3516, 30.0832, 30.8707, 5.83095, 5, 0, 60.6383, 61.131, 64.2884, 66.8506, 61.8547, 65, 34.7131, 36.2353, 39.598, 119.604, 124.326, 120.204, 45.3982, 44.4072, 44.0114],
[22.3607, 64.0781, 54.6443, 61.0737, 80.8084, 83.2406, 55.3173, 45.607, 63.2535, 58.8727, 55.7853, 44.2832, 29.1548, 53.1507, 49.2443, 70.7248, 61.8466, 60.0167, 3, 21.587, 35.1141, 62.1289, 64.4981, 66.4831, 67.624, 66.2118, 52.1536, 57.4282, 53, 60, 62.2896, 63.4114, 78.5684, 82.4621, 81.3449, 79.6492, 85, 83.6301, 51.9711, 52.1728, 53.8516, 42.0119, 44.6542, 46.7547, 60.6053, 65.192, 59.6657, 62.0322, 56.0803, 58.1808, 59.203, 58.6941, 52.8867, 46.0435, 43.7379, 40.3113, 31.0161, 31.0161, 26.3059, 54.8179, 55.7853, 50.6952, 47.1699, 51.6236, 46.2385, 71.6101, 67.1193, 70.8308, 63.0079, 63.7809, 62.2896, 56.7186, 62.8013, 60.6383, 0, 2, 4.24264, 24.3311, 22.4722, 19.2354, 34.2053, 32.28, 34.0147, 60.0333, 65.192, 61.4003, 61.4003, 60.9016, 65.2993],
[24.3311, 65.9242, 56.3028, 62.6259, 82.3286, 84.8116, 57.2713, 47.2017, 64.8151, 60.7454, 57.7235, 46.2709, 31.1448, 55.109, 50.0899, 71.8471, 63.1269, 60.4152, 3.60555, 19.6469, 34.4819, 62.2896, 63.5295, 68.352, 69.4622, 68.0294, 53.8516, 59.0762, 54.7083, 61.6117, 63.7809, 65, 80.0562, 84.0238, 82.807, 81.2158, 86.6083, 85.1469, 53.9351, 54.1295, 55.7853, 43.6005, 46.3249, 48.2701, 62.2013, 66.7083, 61.2209, 63.9062, 57.9396, 60.0083, 61.131, 60.6383, 54.8179, 48.0416, 45.7056, 42.2966, 33.0151, 33.0151, 28.2843, 56.7539, 57.7235, 52.6308, 47.927, 52.3927, 47.0106, 72.8011, 68.2422, 71.8679, 64.2028, 65.1153, 63.6553, 57.0701, 63.1506, 61.131, 2, 0, 3.16228, 22.3607, 20.6155, 17.2627, 33.7343, 31.7805, 33.2415, 60.1332, 65.3758, 61.6604, 60.4152, 59.9416, 64.405],
[25.02, 68.0294, 58.8218, 65.2993, 81.2158, 83.8153, 58.9406, 46.3249, 63.8201, 60.7289, 58.0517, 47.0425, 32, 55.5788, 53.2259, 74.8866, 66.0681, 63.561, 3, 19.6977, 37.108, 59.4138, 65.7419, 70.3847, 71.5891, 70.214, 56.3028, 61.6117, 57.1402, 64.2028, 66.5282, 67.624, 78.8733, 83.006, 81.5659, 80.2122, 85.703, 84.0238, 55.5428, 55.7853, 57.5674, 42.72, 45.6508, 47.2017, 61.2944, 65.6049, 60.2163, 63.8905, 57.8705, 59.808, 61.3922, 61, 55.109, 49.0102, 46.2709, 43.0465, 34.0588, 34.0588, 29.0172, 57.0701, 58.0517, 52.9528, 51.0784, 55.5428, 50.1597, 75.8024, 71.2811, 74.9466, 67.2012, 68.0147, 66.5282, 60.208, 66.2873, 64.2884, 4.24264, 3.16228, 0, 22.1359, 21.095, 17.088, 36.4966, 34.5254, 35.7351, 57.2189, 62.514, 58.8558, 62.6099, 62.1691, 66.7083],
[46.6905, 85.6154, 74.0945, 79.1581, 102.343, 105.152, 78.4092, 68, 85.235, 82.8613, 80.05, 68.593, 53.4603, 77.4661, 60.1415, 83.6301, 76.844, 65.192, 25, 3.16228, 31.3847, 71.6938, 52.6118, 88.295, 89.0225, 87.3613, 72.111, 76.6942, 73.0548, 78.7909, 79.6492, 81.8596, 99.8649, 104.307, 102.416, 101.548, 107.187, 105.119, 75.2396, 75.326, 76.6551, 64.4127, 67.5426, 68.6003, 82.8553, 86.8217, 81.6333, 86.0233, 80.0062, 81.9329, 83.4326, 82.9759, 77.1298, 70.2567, 68.0661, 64.6297, 55.2268, 55.2268, 50.636, 79.0759, 80.05, 74.9533, 57.28, 61.5224, 56.5862, 85.276, 80.1561, 82.7587, 77.0065, 79.3221, 78.2304, 61.5873, 67.2309, 66.8506, 24.3311, 22.3607, 22.1359, 0, 5, 5.09902, 32.6497, 30.8869, 28.7924, 69.0797, 74.8465, 72.0139, 49.4975, 49.366, 54.3323],
[44.643, 81.7863, 69.8928, 74.7329, 102.201, 104.862, 75.1066, 67.4166, 84.8764, 81.3449, 78.1601, 66.2873, 51.1957, 75.4321, 55.2268, 78.7464, 72.111, 60.208, 23.7065, 3, 26.5707, 74.3303, 49.2443, 84.5281, 85.1469, 83.4326, 68.0074, 72.45, 68.9638, 74.4648, 75.1332, 77.4726, 99.8098, 104.043, 102.45, 101.257, 106.78, 105, 72.0278, 72.0625, 73.2462, 63.8122, 66.7308, 68.2422, 82.3772, 86.6083, 81.2711, 84.5044, 78.5493, 80.6226, 81.6088, 81.0432, 75.2861, 67.7422, 65.9697, 62.3699, 52.7731, 52.7731, 48.5077, 77.201, 78.1601, 73.0821, 52.345, 56.5685, 51.6624, 80.4301, 75.2861, 77.8332, 72.2011, 74.6257, 73.5731, 56.6039, 62.2656, 61.8547, 22.4722, 20.6155, 21.095, 5, 0, 5.38516, 27.7308, 25.9422, 24.0416, 71.7844, 77.4919, 74.4648, 46.0977, 45.8912, 50.8035],
[41.5933, 81.0432, 69.857, 75.1798, 97.6524, 100.404, 73.5527, 63.1348, 80.455, 77.7946, 74.9533, 63.5059, 48.3735, 72.3671, 57.3149, 80.6226, 73.4098, 63.5295, 19.9249, 2.82843, 30.8058, 68.9493, 54.5711, 83.678, 84.4808, 82.8613, 67.7791, 72.4983, 68.7095, 74.686, 75.8024, 77.8267, 95.2103, 99.5691, 97.8008, 96.7988, 102.396, 100.439, 70.3491, 70.4557, 71.8471, 59.5399, 62.6099, 63.8122, 78.032, 82.0975, 76.8505, 80.9568, 74.9466, 76.896, 78.339, 77.8781, 72.0347, 65.192, 62.9682, 59.5399, 50.1597, 50.1597, 45.5412, 73.9797, 74.9533, 69.857, 54.5619, 58.8982, 53.8145, 82.134, 77.1038, 79.9312, 73.7564, 75.8024, 74.6324, 59.9416, 65.7419, 65, 19.2354, 17.2627, 17.088, 5.09902, 5.38516, 0, 31.6228, 29.7321, 28.4429, 66.4078, 72.111, 69.0797, 51.4198, 51.1957, 56.0892],
[48.2701, 68.469, 54.037, 56.3205, 110.887, 112.699, 66.4078, 75.8024, 93.2363, 83.7377, 78.6003, 65.215, 52.345, 75.213, 31.3847, 54.5894, 50.2892, 32.8024, 37.108, 30.4631, 3, 95.8853, 32.5269, 71.5681, 71.2531, 69.1809, 53.2353, 56, 54.231, 57.0789, 55.7315, 59.3043, 109.018, 112.045, 112.004, 109.225, 113.952, 113.701, 64.2573, 63.9062, 63.8905, 72.4224, 74.027, 77.666, 90.2718, 95.6033, 89.8109, 86.6833, 81.4678, 84.2199, 82.201, 81.0247, 76.2168, 65.192, 66.2193, 62.0081, 52.4976, 52.4976, 50.9313, 77.801, 78.6003, 74.027, 28.2312, 31.7648, 27.8568, 56.7979, 51.4296, 53, 49.3964, 53.1601, 52.6308, 29.2062, 34.6699, 34.7131, 34.2053, 33.7343, 36.4966, 32.6497, 27.7308, 31.6228, 0, 2, 5.38516, 93.6483, 98.9949, 95.352, 29.7321, 29, 32.6497],
[46.7547, 68.2642, 54, 56.5685, 109.343, 111.198, 65.8027, 74.2024, 91.6788, 82.4621, 77.4209, 64.0703, 50.9902, 74.0608, 32.2025, 55.5698, 50.9215, 34.4093, 35.171, 28.6356, 3.60555, 93.9042, 33.9706, 71.3442, 71.1126, 69.0652, 53.0848, 56.0357, 54.0833, 57.2189, 56.0892, 59.5399, 107.448, 110.535, 110.422, 107.713, 112.486, 112.161, 63.5689, 63.2456, 63.3246, 70.8025, 72.4707, 76.0263, 88.7299, 94.0213, 88.2383, 85.4283, 80.1561, 82.8794, 81.0247, 79.8812, 75, 64.1405, 65, 60.803, 51.225, 51.225, 49.4975, 76.6094, 77.4209, 72.8011, 29.0689, 32.7567, 28.6356, 57.7062, 52.3546, 54.0833, 50.1597, 53.7587, 53.1601, 30.8058, 36.3593, 36.2353, 32.28, 31.7805, 34.5254, 30.8869, 25.9422, 29.7321, 2, 0, 5, 91.6624, 97.0155, 93.3809, 31.1127, 30.4138, 34.2053],
[50.2096, 73.2462, 59, 61.5224, 112.61, 114.586, 70.6045, 77.3369, 94.921, 86.4002, 81.5414, 68.2642, 54.8179, 78.2304, 36.7696, 59.9416, 55.6597, 37.5366, 36.7696, 26.9258, 2.82843, 94.7259, 30.8058, 76.3217, 76.1052, 74.0608, 58.0775, 61.0328, 59.0762, 62.2013, 61, 64.4981, 110.635, 113.899, 113.569, 111.072, 115.966, 115.434, 68.3081, 68.0074, 68.1542, 73.8783, 75.743, 79.0253, 92.0217, 97.1854, 91.4385, 89.4036, 84.0238, 86.6833, 85.1469, 84.0595, 79.0569, 68.4763, 69.0652, 64.8999, 55.2178, 55.2178, 53.1507, 80.7094, 81.5414, 76.844, 33.6155, 37.1214, 33.2415, 62.1691, 56.7979, 58.3095, 54.7814, 58.5235, 57.9741, 33.9706, 39.2046, 39.598, 34.0147, 33.2415, 35.7351, 28.7924, 24.0416, 28.4429, 5.38516, 5, 0, 92.3959, 97.8621, 94.3663, 27.8029, 27.2029, 31.3847],
[59.4643, 102.343, 100.648, 108.747, 59.4138, 63.5059, 88.8144, 46.6905, 51.0784, 65.8027, 69.4262, 69.2026, 63.0714, 70.0071, 106.532, 124.619, 114.162, 119.34, 57.0351, 68.9493, 94.0479, 2.82843, 120.88, 103.228, 105.683, 105.395, 97.509, 103.315, 97.9439, 106.452, 111.086, 110.023, 56.4358, 62.514, 57.1402, 60.8276, 66.6108, 61.2046, 85.4459, 86.267, 89.3085, 46.0109, 49.4975, 43.9318, 51.4296, 49.98, 49.1935, 67.6757, 63.4114, 62.426, 70.4344, 71.7008, 67.2086, 72.8011, 66.2193, 66.8506, 65.7419, 65.7419, 60.9262, 68.6804, 69.4262, 66.468, 105.076, 109.33, 104.087, 124.595, 121.165, 125.686, 116.387, 115.169, 113.296, 116.211, 122.262, 119.604, 60.0333, 60.1332, 57.2189, 69.0797, 71.7844, 66.4078, 93.6483, 91.6624, 92.3959, 0, 5.83095, 5.09902, 117.72, 117.444, 122.262],
[63.3246, 104.957, 104, 112.161, 57.2713, 61.3922, 91.2688, 48.2701, 50.6063, 66.6033, 70.7248, 71.5612, 66.4831, 71.5891, 111.018, 128.577, 118.004, 124.145, 62.2013, 74.6726, 99.4636, 3.16228, 126.531, 105.688, 108.227, 108.046, 100.846, 106.621, 101.237, 109.772, 114.586, 113.318, 54.3415, 60.4152, 54.7449, 58.9406, 64.5368, 58.8558, 87.983, 88.8369, 91.9239, 48.0104, 51.225, 45.3431, 51.3128, 49.1935, 49.0918, 68.2495, 64.3817, 63.1269, 71.4493, 72.8354, 68.6804, 75.1665, 68.5055, 69.4622, 69.0797, 69.0797, 64.5136, 70.0357, 70.7248, 68.1175, 109.659, 113.864, 108.665, 128.445, 125.16, 129.757, 120.333, 118.903, 117.004, 121.066, 127.098, 124.326, 65.192, 65.3758, 62.514, 74.8465, 77.4919, 72.111, 98.9949, 97.0155, 97.8621, 5.83095, 0, 4.47214, 123.369, 123.081, 127.883],
[58.9406, 100.499, 99.5389, 107.703, 54.5894, 58.6941, 86.8217, 43.9318, 46.9574, 62.482, 66.468, 67.1193, 62.0322, 67.2681, 106.794, 124.193, 113.6, 120.067, 58.4209, 71.6938, 95.901, 3.16228, 123.329, 101.242, 103.774, 103.586, 96.3846, 102.157, 96.7729, 105.309, 110.136, 108.853, 51.6236, 57.7062, 52.2398, 56.0892, 61.8142, 56.3205, 83.5284, 84.3801, 87.4643, 43.6005, 46.8615, 41.0366, 47.5079, 45.6946, 45.2769, 64.2028, 60.208, 59.0339, 67.2681, 68.6222, 64.3817, 70.7248, 64.0703, 65, 64.622, 64.622, 60.0833, 65.7647, 66.468, 63.7809, 105.475, 109.659, 104.48, 124.04, 120.785, 125.399, 115.948, 114.481, 112.579, 117.017, 123.037, 120.204, 61.4003, 61.6604, 58.8558, 72.0139, 74.4648, 69.0797, 95.352, 93.3809, 94.3663, 5.09902, 4.47214, 0, 120.167, 119.854, 124.619],
[77.8332, 94.255, 79.1202, 79.2465, 140.357, 142.271, 94.3716, 105.119, 122.674, 113.455, 108.231, 94.8103, 82.0731, 104.809, 51.6236, 70.2567, 70.1783, 42.4264, 64.0078, 49.0306, 27.5862, 120.208, 3.16228, 97.4166, 96.566, 94.3716, 79.0569, 80.5233, 80.0062, 80.8084, 77.7817, 82.201, 138.409, 141.598, 141.354, 138.773, 143.586, 143.178, 92.5905, 92.1303, 91.7061, 101.671, 103.479, 106.827, 119.754, 124.964, 119.206, 116.387, 111.198, 113.952, 111.826, 110.603, 105.891, 94.6256, 95.901, 91.6788, 82.2192, 82.2192, 80.6102, 107.448, 108.231, 103.711, 48.8365, 50.2494, 49.0306, 73.171, 68.0661, 67.4759, 68.0294, 73.171, 73.3348, 40.1123, 41.9762, 45.3982, 61.4003, 60.4152, 62.6099, 49.4975, 46.0977, 51.4198, 29.7321, 31.1127, 27.8029, 117.72, 123.369, 120.167, 0, 1, 5.09902],
[77.1557, 93.3006, 78.1601, 78.2624, 139.703, 141.598, 93.4719, 104.484, 122.025, 112.699, 107.448, 94.0213, 81.3449, 104.019, 50.636, 69.2604, 69.1809, 41.4367, 63.5295, 48.8365, 26.9072, 119.921, 3.60555, 96.4624, 95.6033, 93.4077, 78.1089, 79.555, 79.0569, 79.8311, 76.7919, 81.2158, 137.768, 140.929, 140.72, 138.105, 142.899, 142.524, 91.7061, 91.2414, 90.802, 101.045, 102.825, 106.212, 119.097, 124.326, 118.562, 115.624, 110.454, 113.217, 111.041, 109.809, 105.119, 93.8136, 95.1315, 90.9065, 81.4678, 81.4678, 79.9062, 106.668, 107.448, 102.942, 47.8539, 49.2544, 48.0521, 72.1734, 67.0671, 66.4831, 67.0298, 72.1734, 72.3395, 39.1152, 41, 44.4072, 60.9016, 59.9416, 62.1691, 49.366, 45.8912, 51.1957, 29, 30.4138, 27.2029, 117.444, 123.081, 119.854, 1, 0, 5],
[80.9197, 94.921, 79.712, 79.3095, 143.534, 145.344, 95.7706, 108.407, 125.877, 116.043, 110.635, 97.1854, 84.8646, 107.168, 51.6624, 69.0072, 69.7209, 41.0122, 67.9779, 53.7587, 30.8058, 124.724, 2.82843, 98.0816, 97.0824, 94.8683, 79.8499, 80.9568, 80.7775, 81.0432, 77.666, 82.2253, 141.651, 144.693, 144.627, 141.873, 146.578, 146.349, 94.1541, 93.6483, 93.0591, 105, 106.668, 110.209, 122.919, 128.226, 122.442, 118.929, 113.864, 116.675, 114.215, 112.929, 108.374, 96.8298, 98.4124, 94.1754, 84.8646, 84.8646, 83.5464, 109.877, 110.635, 106.217, 49.0408, 50.01, 49.3356, 72, 67.0298, 66.0681, 67.3647, 72.6911, 72.9931, 39.0512, 40.1995, 44.0114, 65.2993, 64.405, 66.7083, 54.3323, 50.8035, 56.0892, 32.6497, 34.2053, 31.3847, 122.262, 127.883, 124.619, 5.09902, 5, 0]];

float o=5;

int P[A][S]=
[[1,0,0,0,0,0,0,0,0,0,0,0,0,0,0,0,0,0,0,0,0,0,1,1,1,0,0,0,0,0,0,0,0,0,0,0,0,0,0,0,0,0,0,0,0,0,0,0,0,0,0,0,0,0,0,0,0,0,0,0,0,0,0,0,0,0,0,0,0,0,0,0,0,0,0,0,0,0,0,0,0,0,0,0,0,0,0,0],
[0,1,0,0,0,0,0,0,0,0,0,0,0,0,0,0,0,0,0,0,0,0,0,0,0,1,1,1,0,0,0,0,0,0,0,0,0,0,0,0,0,0,0,0,0,0,0,0,0,0,0,0,0,0,0,0,0,0,0,0,0,0,0,0,0,0,0,0,0,0,0,0,0,0,0,0,0,0,0,0,0,0,0,0,0,0,0,0],
[0,0,1,0,0,0,0,0,0,0,0,0,0,0,0,0,0,0,0,0,0,0,0,0,0,0,0,0,1,1,1,0,0,0,0,0,0,0,0,0,0,0,0,0,0,0,0,0,0,0,0,0,0,0,0,0,0,0,0,0,0,0,0,0,0,0,0,0,0,0,0,0,0,0,0,0,0,0,0,0,0,0,0,0,0,0,0,0],
[0,0,0,1,0,0,0,0,0,0,0,0,0,0,0,0,0,0,0,0,0,0,0,0,0,0,0,0,0,0,0,1,1,1,0,0,0,0,0,0,0,0,0,0,0,0,0,0,0,0,0,0,0,0,0,0,0,0,0,0,0,0,0,0,0,0,0,0,0,0,0,0,0,0,0,0,0,0,0,0,0,0,0,0,0,0,0,0],
[0,0,0,0,1,0,0,0,0,0,0,0,0,0,0,0,0,0,0,0,0,0,0,0,0,0,0,0,0,0,0,0,0,0,1,1,1,0,0,0,0,0,0,0,0,0,0,0,0,0,0,0,0,0,0,0,0,0,0,0,0,0,0,0,0,0,0,0,0,0,0,0,0,0,0,0,0,0,0,0,0,0,0,0,0,0,0,0],
[0,0,0,0,0,1,0,0,0,0,0,0,0,0,0,0,0,0,0,0,0,0,0,0,0,0,0,0,0,0,0,0,0,0,0,0,0,1,1,1,0,0,0,0,0,0,0,0,0,0,0,0,0,0,0,0,0,0,0,0,0,0,0,0,0,0,0,0,0,0,0,0,0,0,0,0,0,0,0,0,0,0,0,0,0,0,0,0],
[0,0,0,0,0,0,1,0,0,0,0,0,0,0,0,0,0,0,0,0,0,0,0,0,0,0,0,0,0,0,0,0,0,0,0,0,0,0,0,0,1,1,1,0,0,0,0,0,0,0,0,0,0,0,0,0,0,0,0,0,0,0,0,0,0,0,0,0,0,0,0,0,0,0,0,0,0,0,0,0,0,0,0,0,0,0,0,0],
[0,0,0,0,0,0,0,1,0,0,0,0,0,0,0,0,0,0,0,0,0,0,0,0,0,0,0,0,0,0,0,0,0,0,0,0,0,0,0,0,0,0,0,1,1,1,0,0,0,0,0,0,0,0,0,0,0,0,0,0,0,0,0,0,0,0,0,0,0,0,0,0,0,0,0,0,0,0,0,0,0,0,0,0,0,0,0,0],
[0,0,0,0,0,0,0,0,1,0,0,0,0,0,0,0,0,0,0,0,0,0,0,0,0,0,0,0,0,0,0,0,0,0,0,0,0,0,0,0,0,0,0,0,0,0,1,1,1,0,0,0,0,0,0,0,0,0,0,0,0,0,0,0,0,0,0,0,0,0,0,0,0,0,0,0,0,0,0,0,0,0,0,0,0,0,0,0],
[0,0,0,0,0,0,0,0,0,1,0,0,0,0,0,0,0,0,0,0,0,0,0,0,0,0,0,0,0,0,0,0,0,0,0,0,0,0,0,0,0,0,0,0,0,0,0,0,0,1,1,1,0,0,0,0,0,0,0,0,0,0,0,0,0,0,0,0,0,0,0,0,0,0,0,0,0,0,0,0,0,0,0,0,0,0,0,0],
[0,0,0,0,0,0,0,0,0,0,1,0,0,0,0,0,0,0,0,0,0,0,0,0,0,0,0,0,0,0,0,0,0,0,0,0,0,0,0,0,0,0,0,0,0,0,0,0,0,0,0,0,1,1,1,0,0,0,0,0,0,0,0,0,0,0,0,0,0,0,0,0,0,0,0,0,0,0,0,0,0,0,0,0,0,0,0,0],
[0,0,0,0,0,0,0,0,0,0,0,1,0,0,0,0,0,0,0,0,0,0,0,0,0,0,0,0,0,0,0,0,0,0,0,0,0,0,0,0,0,0,0,0,0,0,0,0,0,0,0,0,0,0,0,1,1,1,0,0,0,0,0,0,0,0,0,0,0,0,0,0,0,0,0,0,0,0,0,0,0,0,0,0,0,0,0,0],
[0,0,0,0,0,0,0,0,0,0,0,0,1,0,0,0,0,0,0,0,0,0,0,0,0,0,0,0,0,0,0,0,0,0,0,0,0,0,0,0,0,0,0,0,0,0,0,0,0,0,0,0,0,0,0,0,0,0,1,1,1,0,0,0,0,0,0,0,0,0,0,0,0,0,0,0,0,0,0,0,0,0,0,0,0,0,0,0],
[0,0,0,0,0,0,0,0,0,0,0,0,0,1,0,0,0,0,0,0,0,0,0,0,0,0,0,0,0,0,0,0,0,0,0,0,0,0,0,0,0,0,0,0,0,0,0,0,0,0,0,0,0,0,0,0,0,0,0,0,0,1,1,1,0,0,0,0,0,0,0,0,0,0,0,0,0,0,0,0,0,0,0,0,0,0,0,0],
[0,0,0,0,0,0,0,0,0,0,0,0,0,0,1,0,0,0,0,0,0,0,0,0,0,0,0,0,0,0,0,0,0,0,0,0,0,0,0,0,0,0,0,0,0,0,0,0,0,0,0,0,0,0,0,0,0,0,0,0,0,0,0,0,1,1,1,0,0,0,0,0,0,0,0,0,0,0,0,0,0,0,0,0,0,0,0,0],
[0,0,0,0,0,0,0,0,0,0,0,0,0,0,0,1,0,0,0,0,0,0,0,0,0,0,0,0,0,0,0,0,0,0,0,0,0,0,0,0,0,0,0,0,0,0,0,0,0,0,0,0,0,0,0,0,0,0,0,0,0,0,0,0,0,0,0,1,1,1,0,0,0,0,0,0,0,0,0,0,0,0,0,0,0,0,0,0],
[0,0,0,0,0,0,0,0,0,0,0,0,0,0,0,0,1,0,0,0,0,0,0,0,0,0,0,0,0,0,0,0,0,0,0,0,0,0,0,0,0,0,0,0,0,0,0,0,0,0,0,0,0,0,0,0,0,0,0,0,0,0,0,0,0,0,0,0,0,0,1,1,1,0,0,0,0,0,0,0,0,0,0,0,0,0,0,0],
[0,0,0,0,0,0,0,0,0,0,0,0,0,0,0,0,0,1,0,0,0,0,0,0,0,0,0,0,0,0,0,0,0,0,0,0,0,0,0,0,0,0,0,0,0,0,0,0,0,0,0,0,0,0,0,0,0,0,0,0,0,0,0,0,0,0,0,0,0,0,0,0,0,1,1,1,0,0,0,0,0,0,0,0,0,0,0,0],
[0,0,0,0,0,0,0,0,0,0,0,0,0,0,0,0,0,0,1,0,0,0,0,0,0,0,0,0,0,0,0,0,0,0,0,0,0,0,0,0,0,0,0,0,0,0,0,0,0,0,0,0,0,0,0,0,0,0,0,0,0,0,0,0,0,0,0,0,0,0,0,0,0,0,0,0,1,1,1,0,0,0,0,0,0,0,0,0],
[0,0,0,0,0,0,0,0,0,0,0,0,0,0,0,0,0,0,0,1,0,0,0,0,0,0,0,0,0,0,0,0,0,0,0,0,0,0,0,0,0,0,0,0,0,0,0,0,0,0,0,0,0,0,0,0,0,0,0,0,0,0,0,0,0,0,0,0,0,0,0,0,0,0,0,0,0,0,0,1,1,1,0,0,0,0,0,0],
[0,0,0,0,0,0,0,0,0,0,0,0,0,0,0,0,0,0,0,0,1,0,0,0,0,0,0,0,0,0,0,0,0,0,0,0,0,0,0,0,0,0,0,0,0,0,0,0,0,0,0,0,0,0,0,0,0,0,0,0,0,0,0,0,0,0,0,0,0,0,0,0,0,0,0,0,0,0,0,0,0,0,1,1,1,0,0,0],
[0,0,0,0,0,0,0,0,0,0,0,0,0,0,0,0,0,0,0,0,0,1,0,0,0,0,0,0,0,0,0,0,0,0,0,0,0,0,0,0,0,0,0,0,0,0,0,0,0,0,0,0,0,0,0,0,0,0,0,0,0,0,0,0,0,0,0,0,0,0,0,0,0,0,0,0,0,0,0,0,0,0,0,0,0,1,1,1]];

int F[K]=[0,0,0]; // Fixed cost of openning a route
int Q[K]=[45000,45000,45000]; // Capacity of the vehicle K
int d[S]=[4420,1122,7920,9289,6468,840,4389,14005,6608,1584,4416,4596,3762,2100,4056,3952,8580,11628,5787,8008,5428,8386,4420,4420,4420,1122,1122,1122,7920,7920,7920,9289,9289,9289,6468,6468,6468,840,840,840,4389,4389,4389,14005,14005,14005,6608,6608,6608,1584,1584,1584,4416,4416,4416,4596,4596,4596,3762,3762,3762,2100,2100,2100,4056,4056,4056,3952,3952,3952,8580,8580,8580,11628,11628,11628,5787,5787,5787,8008,8008,8008,5428,5428,5428,8386,8386,8386];
//float r[M]=[0.0065359477124183, 0.0130718954248366, 0.0196078431372549, 0.0261437908496732, 0.0326797385620915, 0.0392156862745098, 0.0457516339869281, 0.0522875816993464, 0.0588235294117647, 0.065359477124183, 0.0718954248366013, 0.0784313725490196, 0.0849673202614379, 0.0915032679738562, 0.0980392156862745, 0.104575163398693, 0.111111111111111, 0.117647058823529, 0.124183006535948, 0.130718954248366, 0.137254901960784, 0.143790849673203, 0.150326797385621, 0.156862745098039, 0.163398692810458, 0.169934640522876, 0.176470588235294, 0.183006535947712, 0.189542483660131, 0.196078431372549, 0.202614379084967, 0.209150326797386, 0.215686274509804, 0.222222222222222, 0.22875816993464, 0.235294117647059, 0.241830065359477, 0.248366013071895, 0.254901960784314, 0.261437908496732, 0.26797385620915, 0.274509803921569, 0.281045751633987, 0.287581699346405, 0.294117647058823, 0.300653594771242, 0.30718954248366, 0.313725490196078, 0.320261437908497, 0.326797385620915, 0.333333333333333, 0.339869281045752, 0.34640522875817, 0.352941176470588, 0.359477124183006, 0.366013071895425, 0.372549019607843, 0.379084967320261, 0.38562091503268, 0.392156862745098, 0.398692810457516, 0.405228758169935, 0.411764705882353, 0.418300653594771, 0.42483660130719, 0.431372549019608, 0.437908496732026, 0.444444444444444, 0.450980392156863, 0.457516339869281, 0.464052287581699, 0.470588235294118, 0.477124183006536, 0.483660130718954, 0.490196078431373, 0.496732026143791, 0.503267973856209, 0.509803921568627, 0.516339869281046, 0.522875816993464, 0.529411764705882, 0.535947712418301, 0.542483660130719, 0.549019607843137, 0.555555555555556, 0.562091503267974, 0.568627450980392, 0.57516339869281, 0.581699346405229, 0.588235294117647, 0.594771241830065, 0.601307189542484, 0.607843137254902, 0.61437908496732, 0.620915032679739, 0.627450980392157, 0.633986928104575, 0.640522875816993, 0.647058823529412, 0.65359477124183, 0.660130718954248, 0.666666666666667, 0.673202614379085, 0.679738562091503, 0.686274509803922, 0.69281045751634, 0.699346405228758, 0.705882352941176, 0.712418300653595, 0.718954248366013, 0.725490196078431, 0.73202614379085, 0.738562091503268, 0.745098039215686, 0.751633986928105, 0.758169934640523, 0.764705882352941, 0.77124183006536, 0.777777777777778, 0.784313725490196, 0.790849673202614, 0.797385620915033, 0.803921568627451, 0.810457516339869, 0.816993464052288, 0.823529411764706, 0.830065359477124, 0.836601307189543, 0.843137254901961, 0.849673202614379, 0.856209150326797, 0.862745098039216, 0.869281045751634, 0.875816993464052, 0.882352941176471, 0.888888888888889, 0.895424836601307, 0.901960784313726, 0.908496732026144, 0.915032679738562, 0.92156862745098, 0.928104575163399, 0.934640522875817, 0.941176470588235, 0.947712418300653, 0.954248366013072, 0.96078431372549, 0.967320261437908, 0.973856209150327, 0.980392156862745, 0.986928104575163, 0.993464052287582, 1]; // Relative size of configuration m on vehicle k


/***Varieables***/
dvar boolean x[V][V][K]; // if k goes from i to j
dvar boolean y[A][S]; // if j is relocated from i to j
//dvar boolean u[S][K][M]; // if size m is selected for customer j in vehicle k
dvar boolean z[K][S]; // if the demand of customer j is recolected by k
dvar boolean b[D][S]; // if customer j is assigned to depot i
dvar float kapa[V][K]; // demand recolected in point i

/***Objective function***/
minimize sum(i in A, j in S: i!=j)y[i][j]*o + sum(i in V, j in V, k in K)x[i][j][k]*c[i][j] + sum(i in D, j in S, k in K)F[k]*x[i][j][k];

/***Constraints***/
subject to{

// A customer can only be relocated to a permited position
forall(i in A, j in S)
  y[i][j]<=P[i][j];

// A customer can only be relocated once
forall(i in A)
  sum(j in S)y[i][j]==1;

// A position can only be picked once 
/*forall(j in S)
  sum(i in A)y[i][j]==1;*/

// The vehicle can only move to selected positions
forall(j in S)
  sum(i in V: i!=j,k in K)x[i][j][k]==sum(i in A)y[i][j];

// The vehicle must start his route in a depot  
forall(k in K)
  sum(i in D, j in S)x[i][j][k]==1;

// The vehicle must end his route in a depot  
forall(k in K)
  sum(i in D, j in S)x[j][i][k]==1;

// This constraint links the vehicle route to his depot  
forall(i in D, j in S, k in K)
  sum(u in S)x[i][u][k]+sum(u in V: u!=i)x[u][j][k]<=1+b[i][j];
  
// Continous flow in routing  
forall(i in V, k in K)
  sum(j in V)x[i][j][k]-sum(j in V)x[j][i][k]==0;

// The number of selected compartments cant exceed the number max of compartments
/*
forall(k in K)
  sum(j in S, m in M)u[j][k][m]<=maxCompartments;*/
  
// If a vehicle visite a node, it must pick his demand
forall(j in S, k in K)
  sum(i in V)x[i][j][k]==z[k][j];

// The demand assigned to each vehicle cant exceed his capacity 
/* 
forall(k in K)
  sum(j in S)d[j]*z[k][j]<=Q[k]*sum(m in M, j in S)r[m]*u[j][k][m];
  
// The demand assigned to each vehicle (per customer) cant exceed his capacity 
forall(k in K, j in S)
  d[j]*z[k][j]<=Q[k]*sum(m in M)r[m]*u[j][k][m];*/
  
// The demand assigned to each vehicle cant exceed his capacity  
forall(k in K)
  sum(j in S)d[j]*z[k][j]<=Q[k];
  
// The demand assigned to each vehicle (per customer) cant exceed his capacity 
forall(k in K, j in S)
  d[j]*z[k][j]<=Q[k];

// The configuration of compartments in the vehicle must be the whole vehcile capacity
/*
forall(j in S)
  sum(m in M, k in K)u[j][k][m]==sum(i in A)y[i][j];
  
forall(k in K)
  sum(m in M, j in S)u[j][k][m]*r[m]==1; */

//MTZ
 
forall(i,j in S: i!=j, k in K)
  kapa[i][k]-kapa[j][k]+Q[k]*x[i][j][k]<=Q[k]-d[j];
  
forall(i,j in S, k in K)
  d[i]+d[j]<=Q[k];
  
forall(i in S, k in K)
  d[i]<=kapa[i][k]<=Q[k];   
}








